[590, 701, 0] [520, 699, 1] [520, 699, 1]
[590, 701, 0] [526, 699, 30] [526, 699, 30]
[590, 701, 0] [531, 699, 34] [531, 699, 34]
[590, 701, 0] [537, 699, 43] [537, 699, 43]
[590, 701, 0] [542, 699, 44] [542, 699, 44]
[590, 701, 0] [548, 699, 47] [548, 699, 47]
[590, 701, 0] [553, 699, 51] [553, 699, 51]
[590, 701, 0] [559, 699, 57] [559, 699, 57]
[590, 701, 0] [564, 699, 62] [564, 699, 62]
[590, 701, 0] [570, 699, 66] [570, 699, 66]
[590, 701, 0] [576, 699, 66] [576, 699, 66]
[590, 701, 0] [581, 699, 60] [581, 699, 60]
[590, 701, 0] [587, 699, 55] [587, 699, 55]
[590, 701, 0] [592, 699, 55] [592, 699, 55]
[590, 701, 0] [598, 699, 58] [598, 699, 58]
[590, 701, 0] [603, 699, 64] [603, 699, 64]
[590, 701, 0] [609, 699, 66] [609, 699, 66]
[590, 701, 0] [614, 699, 64] [614, 699, 64]
[590, 701, 0] [620, 699, 59] [620, 699, 59]
[590, 701, 0] [625, 699, 53] [625, 699, 53]
[590, 701, 0] [631, 699, 48] [631, 699, 48]
[590, 701, 0] [637, 699, 45] [637, 699, 45]
[590, 701, 0] [642, 699, 44] [642, 699, 44]
[590, 701, 0] [648, 699, 35] [648, 699, 35]
[590, 701, 0] [653, 699, 32] [653, 699, 32]
[590, 701, 0] [659, 699, 1] [659, 699, 1]
