76 239
76 240
76 241
76 242
76 243
76 244
76 245
76 246
76 247
77 233
77 234
77 235
77 236
77 237
77 238
78 227
78 228
78 229
78 230
78 231
78 232
79 221
79 222
79 223
79 224
79 225
79 226
80 219
80 220
81 217
81 218
82 216
83 214
83 215
84 213
86 212
87 211
88 210
89 208
89 209
90 205
90 206
90 207
91 204
92 203
93 201
93 202
94 200
96 198
96 199
97 196
97 197
98 195
99 194
101 193
102 192
104 191
108 190
115 189
116 188
117 187
118 182
119 174
120 172
121 170
122 169
123 168
124 168
125 167
126 166
127 165
128 164
129 163
130 162
131 161
132 160
133 159
134 158
135 157
136 156
137 156
138 155
139 155
140 154
141 153
142 152
143 151
144 150
145 148
146 146
147 145
148 144
149 143
150 142
151 140
152 139
153 135
154 132
155 129
156 127
157 126
158 124
159 122
160 121
161 120
162 119
163 118
164 117
165 116
166 115
167 114
168 113
169 112
170 111
171 110
172 109
173 108
174 107
175 106
176 105
177 104
178 103
179 103
180 102
181 101
182 100
183 100
184 99
185 98
186 97
187 96
188 95
189 94
190 94
191 94
192 93
193 93
194 92
195 91
196 91
197 91
198 90
199 90
200 90
201 90
202 90
203 90
204 91
205 91
206 91
207 92
208 92
209 92
210 93
211 93
212 93
213 94
214 94
215 95
216 95
217 95
218 96
219 97
220 99
221 99
222 100
223 101
224 102
225 103
226 104
227 104
228 104
229 104
230 104
231 104
232 105
233 105
234 105
235 105
236 106
237 106
238 107
239 107
240 109
241 109
242 112
243 113
243 190
243 191
243 192
243 193
243 194
244 114
244 195
244 196
245 115
245 197
245 198
245 199
246 117
246 200
246 201
246 202
247 119
247 203
247 204
247 205
247 206
247 207
247 232
247 233
247 234
247 235
247 236
247 237
247 238
247 239
247 240
247 241
247 242
247 243
248 122
248 208
248 209
248 228
248 229
248 230
248 231
248 244
248 245
248 246
248 247
249 124
249 210
249 211
249 212
249 213
249 214
249 215
249 216
249 217
249 218
249 219
249 220
249 221
249 222
249 223
249 224
249 225
249 226
249 227
250 131
251 134
252 133
253 129
254 127
255 124
256 123
257 121
258 120
259 119
260 119
261 117
262 117
263 116
264 115
265 114
266 113
267 111
268 110
269 109
270 108
271 107
272 106
273 105
274 105
275 105
276 104
277 104
278 104
279 103
280 103
281 103
282 102
283 102
284 101
285 101
286 101
287 101
288 101
289 100
290 99
291 97
292 96
293 95
294 94
295 94
296 93
297 92
298 92
299 91
300 91
301 91
302 91
303 91
304 91
305 91
306 91
307 91
308 91
309 91
310 91
311 91
312 91
313 91
314 91
315 92
316 92
317 93
318 93
319 94
320 95
321 96
322 97
323 99
324 100
325 101
326 102
327 102
328 103
329 103
330 104
331 104
332 104
333 105
334 107
335 109
336 109
337 113
338 114
339 114
340 115
341 115
342 115
343 117
344 117
345 119
346 119
347 120
348 123
349 124
350 126
351 127
352 128
353 129
354 131
355 132
356 134
357 137
358 140
359 142
360 145
361 147
362 150
363 151
364 151
365 152
366 153
367 153
368 154
369 154
370 155
371 156
372 157
373 159
374 160
375 161
376 163
377 163
378 163
379 164
380 165
381 165
382 165
383 166
384 167
385 169
386 171
387 173
388 188
389 189
390 189
391 189
392 189
393 189
394 189
395 189
396 189
397 190
398 190
399 190
400 190
401 190
402 190
403 191
404 191
405 191
406 192
407 193
408 194
409 195
410 196
411 198
412 200
413 200
414 201
415 202
416 203
417 203
418 204
419 205
420 206
421 208
422 210
423 214
424 215
425 217
426 219
427 219
428 221
429 223
430 225
431 227
432 233
433 244
434 251
435 253
436 257
437 263
438 266
439 269
440 271
441 272
441 290
440 291
439 294
438 297
437 302
436 308
435 315
434 325
433 328
432 332
431 333
430 333
429 334
428 334
427 335
426 335
425 337
424 346
423 354
422 364
421 368
420 368
419 370
418 371
417 372
416 373
415 373
414 373
413 374
412 375
411 378
410 378
409 380
408 380
407 382
406 382
405 382
404 383
403 383
402 384
401 384
400 384
399 384
398 384
397 384
396 385
395 385
394 385
393 385
392 385
391 386
390 386
389 386
388 386
387 386
386 386
385 387
384 387
383 387
382 388
381 389
380 390
379 390
378 390
377 392
376 392
375 392
374 392
373 392
372 392
371 392
370 392
369 392
368 392
367 392
366 392
365 392
364 392
363 392
362 392
361 392
360 392
359 392
358 392
357 392
356 392
355 392
354 392
353 392
352 392
351 392
350 392
349 393
348 393
347 393
346 393
345 393
344 393
343 393
342 393
341 394
340 394
339 394
338 394
337 394
336 396
335 396
334 397
333 397
332 397
331 398
330 398
329 399
328 399
327 400
326 400
325 401
324 404
323 405
322 407
321 409
320 410
319 412
318 413
317 414
316 415
315 416
314 417
313 418
312 419
267 420
266 419
265 417
264 415
263 412
262 411
261 410
260 408
259 408
258 407
257 177
256 176
255 175
254 173
253 169
252 167
251 165
250 169
249 175
249 250
249 251
249 252
249 253
249 254
249 255
249 256
249 257
249 258
249 259
249 260
249 261
249 262
249 263
249 264
249 265
249 266
249 267
249 268
249 269
249 270
249 271
249 272
249 273
249 274
249 275
249 276
249 277
249 278
249 279
249 280
249 281
249 282
249 283
249 284
249 285
249 286
249 287
249 288
249 289
249 290
249 291
249 292
249 293
249 294
249 295
249 296
249 297
249 298
249 299
249 300
249 301
249 302
249 303
249 304
249 305
249 306
249 307
249 308
249 309
249 310
249 311
249 312
249 313
249 314
249 315
249 316
249 317
249 318
249 319
249 320
249 321
249 322
249 323
249 324
249 325
249 326
249 327
249 328
249 329
249 330
249 331
249 332
249 333
249 334
249 335
249 336
249 337
249 338
249 339
249 340
249 341
249 342
249 343
249 344
249 345
249 346
249 347
249 348
249 349
249 350
249 351
249 352
249 353
249 354
249 355
249 356
249 357
249 358
249 359
249 360
249 361
249 362
249 363
249 364
249 365
249 366
249 367
249 368
249 369
249 370
249 371
249 372
249 373
249 374
249 375
249 376
249 377
249 378
249 379
249 380
249 381
249 382
249 383
249 384
249 385
249 386
249 387
249 388
249 389
249 390
249 391
249 392
249 393
249 394
249 395
249 396
249 397
249 398
249 399
249 400
249 401
249 402
249 403
249 404
248 405
248 248
248 249
248 405
248 406
248 407
248 408
248 409
248 410
248 411
247 412
247 412
247 413
246 414
246 414
246 415
245 416
245 416
244 417
244 417
243 418
243 418
242 419
242 419
241 420
241 420
195 419
195 420
194 419
194 418
193 418
193 416
193 417
192 416
192 413
192 414
192 415
191 413
191 411
191 412
190 411
190 410
189 410
189 408
189 409
188 408
188 407
187 407
186 407
186 406
185 406
185 405
184 405
184 403
184 404
183 403
183 402
182 402
182 401
181 401
180 401
180 400
179 400
179 398
179 399
178 398
177 398
177 397
176 397
175 397
175 396
174 396
173 396
172 396
171 396
171 395
170 395
169 395
168 395
168 394
167 394
166 394
166 393
165 393
164 393
163 393
162 393
161 393
160 393
159 393
158 393
157 393
156 393
155 392
154 392
153 392
152 392
151 392
150 392
149 392
148 392
147 392
146 392
145 392
144 392
143 393
142 393
141 393
140 393
139 393
138 393
138 392
137 392
136 392
135 392
134 392
133 392
133 390
133 391
132 390
131 390
130 390
130 389
129 389
128 389
128 388
127 388
126 388
126 387
125 387
124 387
123 387
122 387
121 387
121 386
120 386
119 386
118 386
117 386
116 386
115 386
115 385
110 384
108 383
104 382
102 381
100 380
99 379
98 378
97 377
96 376
95 374
95 375
94 373
93 372
91 370
91 371
90 368
90 369
89 366
89 367
88 364
88 365
87 363
86 362
85 359
85 360
85 361
84 352
84 353
84 354
84 355
84 356
84 357
84 358
83 346
83 347
83 348
83 349
83 350
83 351
82 344
82 345
81 340
81 341
81 342
81 343
80 337
80 338
80 339
79 334
79 335
79 336
78 331
78 332
78 333
77 328
77 329
77 330
76 248
76 249
76 322
76 323
76 324
76 325
76 326
76 327
75 250
75 320
75 321
74 251
74 252
74 317
74 318
74 319
73 253
73 312
73 313
73 314
73 315
73 316
72 254
72 311
71 255
71 256
71 308
71 309
71 310
70 257
70 258
70 305
70 306
70 307
69 259
69 260
69 261
69 262
69 263
69 300
69 301
69 302
69 303
69 304
68 264
68 265
68 266
68 267
68 268
68 269
68 294
68 295
68 296
68 297
68 298
68 299
67 270
67 271
67 272
67 290
67 291
67 292
67 293
66 273
66 274
66 275
66 276
66 277
66 278
66 279
66 280
66 281
66 282
66 283
66 284
66 285
66 286
66 287
66 288
66 289
