80 462 80 478
81 452 81 484
82 447 82 489
83 414 83 492
84 408 84 493
85 400 85 495
86 396 86 497
87 393 87 498
88 390 88 499
89 388 89 499
90 385 90 500
91 380 91 502
92 374 92 503
93 369 93 504
94 341 94 505
95 337 95 506
96 332 96 507
97 328 97 508
98 325 98 508
99 323 99 508
100 322 100 509
101 320 101 509
102 318 102 509
103 314 103 509
104 311 104 510
105 308 105 510
106 304 106 510
107 301 107 510
108 299 108 510
109 298 109 510
110 297 110 510
111 295 111 511
112 293 112 511
113 293 113 512
114 291 114 513
115 289 115 514
116 286 116 517
117 284 117 519
118 281 118 520
119 280 119 520
120 278 120 521
121 277 121 522
122 276 122 523
123 275 123 523
124 274 124 524
125 274 125 524
126 273 126 525
127 272 127 525
128 272 128 526
129 271 129 526
130 269 130 526
131 268 131 526
132 267 132 527
133 266 133 528
134 266 134 529
135 265 135 530
136 264 136 531
137 264 137 531
138 264 138 531
139 264 139 530
140 264 140 530
141 264 141 531
142 263 142 531
143 263 143 531
144 263 144 532
145 263 145 532
146 263 146 532
147 263 147 533
148 263 148 533
149 263 149 534
150 263 150 535
151 263 151 535
152 263 152 535
153 263 153 535
154 263 154 535
155 262 155 536
156 261 156 536
157 260 157 536
158 259 158 536
159 257 159 536
160 255 160 536
161 252 161 536
162 250 162 536
163 249 163 536
164 247 164 536
165 245 165 537
166 243 166 537
167 242 167 537
168 241 168 537
169 240 169 537
170 239 170 537
171 239 171 537
172 238 172 537
173 237 173 537
174 237 174 537
175 236 175 537
176 234 176 537
177 232 177 536
178 231 178 536
179 229 179 536
180 228 180 536
181 227 181 536
182 227 182 536
183 226 183 536
184 226 184 536
185 225 185 536
186 224 186 536
187 224 187 536
188 223 188 536
189 222 189 536
190 221 190 536
191 219 191 537
192 218 192 537
193 217 193 537
194 216 194 537
195 216 195 537
196 214 196 537
197 214 197 538
198 213 198 538
199 213 199 538
200 212 200 538
201 212 201 538
202 212 202 539
203 211 203 539
204 211 204 539
205 210 205 539
206 209 206 539
207 208 207 540
208 208 208 540
209 207 209 541
210 207 210 541
211 207 211 543
212 207 212 545
213 207 213 547
214 206 214 549
215 206 215 551
216 206 216 553
217 206 217 554
218 206 218 555
219 206 219 556
220 205 220 557
221 205 221 557
222 205 222 559
223 205 223 560
224 205 224 561
225 205 225 562
226 205 226 564
227 205 227 565
228 206 228 566
229 206 229 567
230 206 230 568
231 206 231 569
232 206 232 570
233 206 233 570
234 206 234 570
235 206 235 571
236 204 236 573
237 203 237 573
238 203 238 574
239 202 239 574
240 201 240 575
241 201 241 575
242 200 242 575
243 199 243 576
244 198 244 576
245 198 245 576
246 197 246 576
247 195 247 576
248 194 248 576
249 193 249 576
250 191 250 576
251 190 251 576
252 189 252 576
253 188 253 576
254 187 254 576
255 186 255 576
256 185 256 576
257 184 257 576
258 184 258 576
259 183 259 576
260 184 260 575
261 185 261 575
262 185 262 574
263 185 263 574
264 186 264 573
265 186 265 571
266 187 266 571
267 187 267 570
268 187 268 570
269 188 269 570
270 188 270 569
271 189 271 568
272 190 272 568
273 191 273 567
274 192 274 566
275 193 275 565
276 195 276 564
277 198 277 563
278 200 278 562
279 203 279 561
280 205 280 560
281 208 281 559
282 211 282 558
283 213 283 556
284 212 284 557
285 211 285 558
286 209 286 559
287 208 287 559
288 207 288 560
289 207 289 561
290 206 290 561
291 204 291 561
292 203 292 561
293 203 293 562
294 202 294 563
295 201 295 563
296 199 296 564
297 197 297 565
298 194 298 566
299 193 299 566
300 191 300 567
301 190 301 568
302 188 302 569
303 188 303 569
304 187 304 569
305 186 305 570
306 185 306 570
307 184 307 571
308 184 308 572
309 185 309 573
310 185 310 574
311 185 311 574
312 185 312 575
313 186 313 575
314 186 314 575
315 186 315 576
316 186 316 576
317 186 317 576
318 186 318 576
319 187 319 577
320 188 320 577
321 189 321 577
322 190 322 577
323 191 323 576
324 192 324 576
325 193 325 576
326 195 326 576
327 197 327 576
328 199 328 576
329 201 329 575
330 202 330 575
331 203 331 575
332 204 332 575
333 205 333 575
334 205 334 574
335 205 335 574
336 205 336 573
337 205 337 572
338 205 338 571
339 205 339 570
340 205 340 569
341 205 341 569
342 205 342 567
343 206 343 566
344 206 344 564
345 206 345 563
346 206 346 563
347 206 347 562
348 206 348 561
349 206 349 561
350 206 350 560
351 206 351 559
352 206 352 558
353 206 353 556
354 206 354 552
355 206 355 550
356 206 356 549
357 206 357 547
358 206 358 547
359 207 359 546
360 207 360 545
361 207 361 544
362 207 362 543
363 207 363 541
364 208 364 540
365 208 365 540
366 208 366 540
367 209 367 539
368 210 368 539
369 211 369 538
370 211 370 538
371 212 371 538
372 213 372 537
373 213 373 537
374 213 374 537
375 214 375 537
376 215 376 537
377 217 377 537
378 217 378 537
379 217 379 536
380 218 380 536
381 219 381 536
382 220 382 536
383 221 383 536
384 223 384 536
385 224 385 536
386 225 386 536
387 225 387 536
388 226 388 536
389 227 389 536
390 228 390 536
391 228 391 536
392 229 392 536
393 230 393 536
394 231 394 536
395 232 395 536
396 233 396 537
397 234 397 537
398 235 398 537
399 237 399 537
400 238 400 537
401 239 401 537
402 240 402 537
403 241 403 537
404 242 404 537
405 243 405 537
406 244 406 537
407 245 407 537
408 246 408 537
409 247 409 536
410 252 410 536
411 255 411 536
412 259 412 536
413 260 413 536
414 262 414 536
415 263 415 535
416 263 416 535
417 263 417 535
418 263 418 535
419 263 419 535
420 263 420 534
421 263 421 534
422 263 422 534
423 263 423 533
424 263 424 533
425 263 425 533
426 263 426 533
427 263 427 532
428 263 428 532
429 263 429 532
430 264 430 532
431 264 431 531
432 264 432 531
433 264 433 531
434 265 434 530
435 265 435 529
436 266 436 529
437 266 437 528
438 266 438 528
439 267 439 527
440 267 440 526
441 268 441 526
442 269 442 526
443 270 443 526
444 271 444 526
445 272 445 525
446 273 446 525
447 274 447 525
448 275 448 524
449 276 449 524
450 278 450 523
451 279 451 522
452 280 452 521
453 281 453 518
454 282 454 515
455 283 455 514
456 285 456 513
457 287 457 513
458 287 458 513
459 291 459 512
460 294 460 512
461 296 461 511
462 299 462 511
463 302 463 511
464 303 464 511
465 306 465 510
466 307 466 510
467 308 467 510
468 310 468 510
469 312 469 510
470 316 470 509
471 319 471 509
472 323 472 508
473 326 473 508
474 333 474 507
475 350 475 507
476 362 476 507
477 368 477 506
478 369 478 506
479 372 479 505
480 376 480 504
481 381 481 503
482 388 482 501
483 390 483 501
484 395 484 498
485 399 485 497
486 404 486 495
487 426 487 493
488 449 488 488
489 452 489 485
490 454 490 482
491 458 491 479
492 463 492 471
