45 282
45 283
46 281
47 278
47 279
47 280
48 255
48 256
48 257
48 258
48 277
49 253
49 254
49 259
49 260
49 261
49 262
49 263
49 264
49 265
49 266
49 276
50 247
50 248
50 249
50 250
50 251
50 252
50 267
50 268
50 269
50 270
50 275
51 244
51 245
51 246
51 271
51 272
51 273
51 274
52 240
52 241
52 242
52 243
53 236
53 237
53 238
53 239
54 235
55 234
56 233
58 232
60 231
61 224
61 225
61 226
61 227
61 228
61 229
61 230
62 212
62 213
62 214
62 215
62 216
62 217
62 218
62 219
62 220
62 221
62 222
62 223
63 207
63 208
63 209
63 210
63 211
64 204
64 205
64 206
65 203
66 202
67 201
68 199
68 200
69 198
70 196
70 197
71 194
71 195
72 192
72 193
73 191
74 190
75 189
77 188
78 186
78 187
79 182
79 183
79 184
79 185
80 180
80 181
81 179
82 178
83 177
84 176
85 175
86 174
87 173
88 172
89 171
91 170
92 169
94 167
95 167
96 166
97 166
98 164
99 164
100 164
101 163
102 163
103 163
104 163
105 163
106 163
107 163
108 163
109 163
110 163
111 163
112 163
113 163
114 163
115 163
116 163
117 163
118 162
119 162
120 162
121 162
122 162
123 162
124 162
125 162
126 162
127 162
128 162
129 162
130 162
131 162
132 160
133 157
134 157
135 155
136 154
137 153
138 153
139 149
140 147
141 146
142 144
143 143
144 142
145 141
146 140
147 139
148 138
149 137
150 137
151 137
152 136
153 135
154 135
155 135
156 134
157 131
158 129
159 128
160 128
161 128
162 127
163 127
164 127
165 126
166 125
167 123
168 123
169 123
170 122
171 122
172 121
173 121
174 121
175 121
176 121
177 121
178 121
179 121
180 121
181 121
182 121
183 122
184 122
185 122
186 122
187 123
188 123
189 124
190 125
191 125
192 122
193 121
194 120
195 119
196 118
197 118
198 118
199 118
200 117
201 116
202 115
203 114
204 113
205 113
206 112
207 112
208 112
209 112
210 112
211 112
212 111
213 111
214 111
215 111
216 111
217 111
218 111
219 111
220 111
221 111
222 111
223 111
224 111
225 111
226 112
227 112
228 112
229 112
230 112
231 113
232 113
233 114
234 115
235 116
236 117
237 118
238 118
239 118
240 119
241 119
242 120
243 121
244 122
245 122
246 122
247 123
248 124
249 125
250 126
251 127
252 127
253 128
254 128
255 129
256 130
257 131
258 132
259 137
260 140
261 145
262 142
262 169
262 170
262 171
262 172
262 173
262 174
262 175
262 176
262 177
262 178
262 179
262 180
262 181
262 182
262 183
262 184
262 185
262 186
262 187
262 188
262 189
262 190
262 191
262 192
262 193
262 194
262 195
262 196
262 197
262 198
262 199
262 200
262 201
262 202
262 203
262 204
262 205
262 206
262 207
262 208
262 209
262 210
262 211
262 212
262 213
262 214
262 215
262 216
262 217
262 218
262 219
262 220
262 221
262 222
262 223
262 224
262 225
262 226
262 227
262 228
262 229
262 230
262 231
262 232
262 233
262 234
262 235
262 236
262 237
262 238
262 239
262 240
262 241
262 242
262 243
262 244
262 245
262 246
262 247
262 248
262 249
262 250
262 251
262 252
262 253
262 254
262 255
262 256
262 257
262 258
262 259
262 260
262 261
262 262
262 263
262 264
262 265
262 266
262 267
262 268
262 269
262 270
262 271
262 272
262 273
262 274
262 275
262 276
262 277
262 278
262 279
262 280
262 281
262 282
262 283
263 139
264 138
265 136
266 133
267 132
268 132
269 132
270 130
271 130
272 128
273 127
274 127
275 127
276 126
277 126
278 125
279 123
280 122
281 121
282 121
283 120
284 119
285 119
286 119
287 118
288 118
289 118
290 117
291 116
292 115
293 115
294 114
295 113
296 113
297 112
298 112
299 112
300 112
301 112
302 111
303 111
304 111
305 111
306 111
307 111
308 111
309 111
310 111
311 111
312 111
313 111
314 111
315 111
316 112
317 112
318 112
319 112
320 112
321 113
322 113
323 114
324 115
325 115
326 116
327 118
328 118
329 118
330 119
331 119
332 121
333 121
334 121
335 121
336 122
337 123
338 124
339 125
340 124
341 123
342 123
343 122
344 122
345 122
346 121
347 121
348 121
349 121
350 121
351 121
352 121
353 122
354 122
355 122
356 122
357 123
358 123
359 124
360 125
361 126
362 127
363 127
364 127
365 128
366 128
367 129
368 130
369 130
370 131
371 133
372 135
373 136
374 137
375 137
376 137
377 138
378 139
379 140
380 141
381 143
382 144
383 145
384 146
385 147
386 147
387 149
388 150
389 152
390 155
391 158
392 161
393 162
394 162
395 162
396 162
397 162
398 162
399 162
400 162
401 162
402 162
403 162
404 162
405 162
406 163
407 163
408 163
409 163
410 163
411 163
412 163
413 163
414 163
415 163
416 163
417 163
418 163
419 163
420 163
421 163
422 163
423 163
424 164
425 164
426 164
427 164
428 165
429 165
430 166
431 167
432 168
433 169
434 170
435 171
436 172
437 172
438 173
439 173
440 173
441 176
442 177
443 179
444 180
445 181
446 182
447 183
448 184
449 185
450 188
451 189
452 192
453 193
454 194
455 195
456 196
457 198
458 199
459 200
460 203
461 208
462 211
463 213
464 215
465 220
466 227
467 231
468 232
469 233
470 234
471 236
472 236
473 237
474 238
475 240
476 243
477 249
478 279
479 285
480 290
481 291
482 295
483 299
483 330
482 374
481 381
480 383
479 388
478 397
477 409
476 430
475 434
474 435
473 437
472 439
471 454
470 458
469 464
468 472
467 474
466 476
465 478
464 480
463 480
462 480
461 481
460 482
459 483
458 484
457 485
456 486
455 488
454 489
453 491
388 493
387 492
386 492
385 492
384 492
383 492
382 492
381 491
380 491
379 491
378 491
377 491
376 490
375 490
374 490
373 489
372 488
371 487
370 486
369 485
368 484
367 483
366 482
365 482
364 482
363 482
362 481
361 481
360 480
359 479
358 478
357 477
356 476
355 476
354 475
353 475
352 475
351 475
350 474
349 473
348 472
347 472
346 472
345 471
344 470
343 469
342 467
341 467
340 466
339 466
338 466
337 466
336 465
335 465
334 464
333 463
332 462
331 460
330 459
329 458
328 458
327 457
326 457
325 456
324 455
323 454
322 453
321 453
320 453
319 451
318 451
317 449
316 449
315 449
314 448
313 448
312 447
311 447
310 446
309 446
308 446
307 445
306 444
305 443
304 442
303 441
302 441
301 441
300 440
299 440
298 440
297 440
296 440
295 439
294 439
293 439
292 439
291 439
290 438
289 438
288 438
287 436
286 436
285 436
284 436
283 436
282 435
281 435
280 434
279 433
278 432
277 431
276 431
275 430
274 430
273 430
272 430
271 429
270 428
269 427
268 426
267 425
266 425
265 424
264 423
263 422
262 421
262 284
262 285
262 286
262 287
262 288
262 289
262 290
262 291
262 292
262 293
262 294
262 295
262 296
262 297
262 298
262 299
262 300
262 301
262 302
262 303
262 304
262 305
262 306
262 307
262 308
262 309
262 310
262 311
262 312
262 313
262 314
262 315
262 316
262 317
262 318
262 319
262 320
262 321
262 322
262 323
262 324
262 325
262 326
262 327
262 328
262 329
262 330
262 331
262 332
262 333
262 334
262 335
262 336
262 337
262 338
262 339
262 340
262 341
262 342
262 343
262 344
262 345
262 346
262 347
262 348
262 349
262 350
262 351
262 352
262 353
262 354
262 355
262 356
262 357
262 358
262 359
262 360
262 361
262 362
262 363
262 364
262 365
262 366
262 367
262 368
262 369
262 370
262 371
262 372
262 373
262 374
262 375
262 376
262 377
262 378
262 379
262 380
262 381
262 382
262 383
262 384
262 385
262 386
262 387
262 388
262 389
262 390
262 391
262 392
262 393
262 394
262 395
262 396
262 397
262 398
262 399
262 400
262 401
262 402
262 403
262 404
262 405
262 406
262 407
262 408
262 409
262 410
262 411
262 412
262 413
262 414
262 415
262 416
262 417
262 418
262 419
262 420
261 420
261 421
260 422
260 422
260 423
260 424
259 425
259 425
258 426
258 426
257 427
256 427
256 427
256 428
255 429
254 429
253 429
253 429
252 430
251 430
251 430
250 431
249 431
249 431
248 432
248 432
247 433
247 433
247 434
246 435
245 435
244 435
243 435
243 435
242 436
241 436
240 436
239 436
238 436
238 436
237 437
237 437
236 438
235 438
234 438
234 438
233 439
232 439
231 439
230 439
230 439
229 440
228 440
227 440
226 440
226 440
225 441
224 441
223 441
222 441
221 441
221 441
221 442
221 443
220 444
220 444
219 445
218 445
218 445
217 446
216 446
216 446
215 447
214 447
213 447
213 447
212 448
211 448
211 448
210 449
209 449
209 449
208 450
208 450
207 451
207 451
206 452
206 452
205 453
205 453
204 454
203 454
203 454
202 455
202 455
201 456
200 456
199 456
199 456
198 457
198 457
197 458
197 458
197 459
196 460
196 460
195 461
194 461
194 461
193 462
193 462
192 463
191 463
191 463
190 464
190 464
189 465
189 465
188 466
187 466
186 466
186 466
185 467
184 467
183 467
183 467
182 468
182 468
182 469
181 470
181 470
180 471
179 471
179 471
178 472
178 472
177 473
176 473
175 473
175 473
174 474
174 474
173 475
172 475
172 475
171 476
170 476
169 476
169 476
168 477
168 477
167 478
167 478
167 479
166 480
165 480
164 480
164 480
163 481
163 481
162 482
161 482
161 482
160 483
159 483
159 483
158 484
158 484
157 485
156 485
156 485
155 486
154 486
154 486
154 487
154 488
153 489
153 489
152 490
151 490
151 490
150 491
149 491
148 491
147 491
146 491
145 491
144 491
144 491
143 492
142 492
141 492
140 492
139 492
138 492
137 492
137 492
137 493
72 492
72 493
71 487
71 488
71 489
71 490
71 491
70 485
70 486
69 484
68 483
65 481
65 482
63 480
62 477
62 478
62 479
61 475
61 476
60 472
60 473
60 474
59 471
58 469
58 470
57 466
57 467
57 468
56 465
55 461
55 462
55 463
55 464
54 452
54 453
54 454
54 455
54 456
54 457
54 458
54 459
54 460
53 435
53 436
53 437
53 438
53 439
53 440
53 441
53 442
53 443
53 444
53 445
53 446
53 447
53 448
53 449
53 450
53 451
52 425
52 426
52 427
52 428
52 429
52 430
52 431
52 432
52 433
52 434
51 424
50 345
50 346
50 347
50 420
50 421
50 422
50 423
49 344
49 348
49 412
49 413
49 414
49 415
49 416
49 417
49 418
49 419
48 343
48 349
48 350
48 351
48 352
48 353
48 402
48 403
48 404
48 405
48 406
48 407
48 408
48 409
48 410
48 411
47 342
47 354
47 355
47 356
47 357
47 394
47 395
47 396
47 397
47 398
47 399
47 400
47 401
46 339
46 340
46 341
46 358
46 392
46 393
45 284
45 285
45 286
45 287
45 336
45 337
45 338
45 359
45 360
45 361
45 362
45 363
45 364
45 365
45 366
45 367
45 382
45 383
45 384
45 385
45 386
45 387
45 388
45 389
45 390
45 391
44 288
44 289
44 290
44 291
44 292
44 293
44 294
44 295
44 296
44 297
44 298
44 299
44 300
44 301
44 302
44 303
44 329
44 330
44 331
44 332
44 333
44 334
44 335
44 368
44 369
44 370
44 371
44 372
44 373
44 374
44 375
44 376
44 377
44 378
44 379
44 380
44 381
43 304
43 305
43 306
43 307
43 308
43 309
43 310
43 311
43 312
43 313
43 314
43 315
43 316
43 317
43 318
43 319
43 320
43 321
43 322
43 323
43 324
43 325
43 326
43 327
43 328
