73 310 73 314
74 309 74 316
75 309 75 319
76 308 76 322
77 307 77 325
78 307 78 326
79 306 79 327
80 305 80 329
81 304 81 331
82 303 82 333
83 302 83 339
84 296 84 345
85 288 85 346
86 262 86 347
87 257 87 348
88 253 88 348
89 251 89 348
90 250 90 349
91 248 91 349
92 247 92 349
93 246 93 350
94 245 94 350
95 244 95 350
96 244 96 350
97 243 97 352
98 242 98 355
99 241 99 357
100 240 100 358
101 239 101 359
102 239 102 360
103 238 103 360
104 238 104 361
105 238 105 361
106 238 106 361
107 238 107 362
108 237 108 367
109 237 109 367
110 236 110 375
111 236 111 376
112 235 112 376
113 235 113 376
114 218 114 376
115 207 115 376
116 205 116 376
117 203 117 377
118 200 118 377
119 199 119 377
120 198 120 377
121 197 121 377
122 196 122 377
123 193 123 378
124 191 124 378
125 189 125 378
126 188 126 379
127 187 127 381
128 185 128 381
129 184 129 381
130 184 130 382
131 183 131 382
132 181 132 383
133 180 133 383
134 179 134 384
135 178 135 384
136 177 136 385
137 176 137 386
138 175 138 387
139 174 139 387
140 173 140 388
141 173 141 388
142 172 142 389
143 171 143 390
144 170 144 391
145 170 145 391
146 169 146 392
147 169 147 392
148 168 148 393
149 167 149 395
150 166 150 396
151 166 151 397
152 165 152 398
153 164 153 399
154 163 154 400
155 163 155 401
156 162 156 402
157 161 157 403
158 160 158 405
159 159 159 406
160 158 160 406
161 158 161 407
162 157 162 408
163 156 163 410
164 155 164 411
165 154 165 411
166 153 166 412
167 152 167 412
168 151 168 413
169 150 169 414
170 149 170 415
171 148 171 416
172 147 172 417
173 145 173 418
174 144 174 419
175 143 175 420
176 143 176 421
177 142 177 422
178 141 178 422
179 141 179 422
180 140 180 423
181 139 181 423
182 139 182 424
183 138 183 425
184 138 184 425
185 138 185 425
186 137 186 426
187 137 187 426
188 138 188 426
189 138 189 426
190 138 190 426
191 139 191 426
192 139 192 425
193 140 193 425
194 141 194 425
195 141 195 425
196 142 196 425
197 142 197 424
198 143 198 424
199 144 199 424
200 145 200 423
201 147 201 423
202 151 202 421
203 153 203 420
204 155 204 419
205 156 205 418
206 199 206 414
207 200 207 412
208 201 208 411
209 203 209 410
210 203 210 409
211 206 211 408
212 208 212 407
213 209 213 407
214 210 214 406
215 211 215 406
216 213 216 406
217 215 217 405
218 217 218 404
219 220 219 402
220 227 220 402
221 253 221 401
222 259 222 400
223 268 223 399
224 305 224 397
225 306 225 397
226 305 226 398
227 304 227 398
228 303 228 399
229 276 229 400
230 270 230 400
231 268 231 401
232 266 232 401
233 263 233 402
234 261 234 402
235 260 235 402
236 259 236 403
237 258 237 403
238 228 238 404
239 219 239 405
240 214 240 406
241 212 241 406
242 209 242 407
243 206 243 407
244 204 244 407
245 203 245 408
246 203 246 408
247 201 247 409
248 200 248 410
249 200 249 411
250 157 250 411
251 155 251 412
252 153 252 416
253 151 253 418
254 149 254 420
255 147 255 421
256 145 256 422
257 143 257 423
258 142 258 424
259 142 259 424
260 141 260 425
261 140 261 425
262 139 262 426
263 138 263 426
264 138 264 426
265 138 265 426
266 138 266 426
267 138 267 426
268 138 268 426
269 138 269 425
270 138 270 425
271 138 271 425
272 138 272 424
273 138 273 424
274 138 274 424
275 138 275 424
276 139 276 424
277 139 277 423
278 140 278 422
279 143 279 422
280 143 280 422
281 144 281 421
282 146 282 419
283 147 283 418
284 148 284 417
285 148 285 417
286 148 286 414
287 149 287 413
288 150 288 412
289 151 289 412
290 152 290 412
291 153 291 411
292 154 292 411
293 157 293 410
294 158 294 409
295 158 295 408
296 158 296 407
297 159 297 406
298 160 298 405
299 161 299 402
300 162 300 402
301 163 301 399
302 164 302 398
303 165 303 398
304 166 304 397
305 167 305 397
306 167 306 396
307 168 307 396
308 169 308 395
309 169 309 394
310 170 310 393
311 170 311 392
312 171 312 391
313 171 313 390
314 171 314 389
315 172 315 388
316 173 316 387
317 173 317 387
318 174 318 386
319 175 319 386
320 176 320 385
321 177 321 384
322 179 322 383
323 180 323 383
324 183 324 382
325 183 325 382
326 184 326 381
327 185 327 381
328 186 328 380
329 187 329 379
330 188 330 379
331 188 331 379
332 190 332 378
333 192 333 378
334 194 334 378
335 195 335 378
336 198 336 378
337 202 337 377
338 205 338 377
339 210 339 377
340 217 340 377
341 236 341 376
342 236 342 376
343 236 343 375
344 236 344 374
345 236 345 374
346 237 346 371
347 237 347 364
348 237 348 362
349 237 349 361
350 237 350 361
351 238 351 361
352 238 352 359
353 238 353 359
354 239 354 358
355 239 355 358
356 239 356 357
357 240 357 357
358 240 358 356
359 241 359 355
360 242 360 354
361 243 361 353
362 245 362 352
363 247 363 351
364 250 364 349
365 253 365 348
366 258 366 344
367 259 367 343
368 260 368 342
369 262 369 341
370 263 370 340
371 266 371 338
372 269 372 336
373 291 373 333
374 295 374 331
375 296 375 330
376 299 376 328
377 305 377 323
