112 458 112 480
113 450 113 483
114 448 114 486
115 447 115 487
116 445 116 489
117 444 117 490
118 443 118 492
119 404 119 494
120 391 120 495
121 386 121 525
122 378 122 529
123 368 123 533
124 363 124 535
125 361 125 536
126 359 126 538
127 355 127 539
128 353 128 540
129 350 129 542
130 345 130 544
131 343 131 545
132 337 132 549
133 332 133 550
134 329 134 552
135 327 135 553
136 325 136 554
137 323 137 554
138 321 138 555
139 320 139 556
140 320 140 556
141 318 141 557
142 315 142 558
143 312 143 559
144 309 144 561
145 307 145 562
146 305 146 563
147 304 147 563
148 303 148 564
149 302 149 564
150 301 150 564
151 300 151 565
152 299 152 566
153 297 153 566
154 295 154 566
155 293 155 566
156 291 156 566
157 290 157 566
158 288 158 566
159 287 159 566
160 286 160 566
161 285 161 566
162 284 162 567
163 283 163 567
164 283 164 567
165 282 165 567
166 282 166 566
167 281 167 566
168 281 168 566
169 281 169 566
170 280 170 565
171 280 171 565
172 280 172 564
173 280 173 564
174 279 174 564
175 278 175 564
176 278 176 564
177 278 177 564
178 278 178 565
179 278 179 566
180 278 180 566
181 278 181 567
182 278 182 567
183 279 183 567
184 279 184 568
185 279 185 568
186 279 186 568
187 279 187 568
188 278 188 568
189 277 189 568
190 274 190 568
191 260 191 568
192 251 192 569
193 247 193 569
194 245 194 569
195 244 195 568
196 242 196 568
197 241 197 569
198 240 198 569
199 239 199 569
200 238 200 570
201 237 201 570
202 236 202 570
203 235 203 571
204 234 204 571
205 233 205 572
206 232 206 573
207 231 207 573
208 230 208 573
209 229 209 573
210 229 210 573
211 228 211 574
212 227 212 574
213 227 213 574
214 226 214 574
215 226 215 574
216 226 216 574
217 225 217 574
218 225 218 574
219 224 219 574
220 224 220 574
221 223 221 575
222 222 222 575
223 221 223 575
224 218 224 575
225 217 225 575
226 215 226 575
227 214 227 575
228 212 228 575
229 212 229 575
230 211 230 575
231 210 231 575
232 210 232 575
233 210 233 574
234 209 234 574
235 208 235 574
236 207 236 574
237 205 237 575
238 204 238 575
239 203 239 575
240 202 240 576
241 201 241 576
242 200 242 576
243 200 243 577
244 200 244 577
245 199 245 577
246 198 246 577
247 197 247 577
248 197 248 577
249 196 249 577
250 195 250 577
251 194 251 577
252 194 252 577
253 193 253 577
254 192 254 577
255 192 255 577
256 191 256 577
257 191 257 577
258 191 258 578
259 191 259 578
260 190 260 578
261 190 261 579
262 190 262 579
263 190 263 581
264 189 264 582
265 189 265 583
266 189 266 584
267 189 267 585
268 188 268 586
269 188 269 587
270 188 270 589
271 188 271 590
272 188 272 592
273 188 273 594
274 188 274 596
275 188 275 597
276 188 276 598
277 188 277 599
278 188 278 599
279 188 279 600
280 188 280 601
281 188 281 601
282 188 282 602
283 188 283 603
284 188 284 604
285 188 285 605
286 188 286 606
287 188 287 607
288 188 288 608
289 188 289 608
290 188 290 609
291 189 291 609
292 189 292 611
293 189 293 611
294 189 294 612
295 189 295 612
296 189 296 613
297 189 297 613
298 189 298 613
299 189 299 614
300 189 300 614
301 189 301 614
302 189 302 614
303 189 303 614
304 189 304 614
305 190 305 614
306 190 306 614
307 190 307 614
308 191 308 614
309 191 309 614
310 191 310 614
311 193 311 614
312 194 312 614
313 195 313 614
314 195 314 614
315 196 315 614
316 197 316 613
317 197 317 613
318 197 318 612
319 198 319 612
320 198 320 611
321 199 321 609
322 200 322 609
323 200 323 609
324 200 324 609
325 200 325 609
326 201 326 609
327 202 327 608
328 203 328 608
329 204 329 607
330 205 330 607
331 206 331 605
332 208 332 604
333 210 333 603
334 213 334 602
335 218 335 600
336 223 336 599
337 232 337 598
338 249 338 596
339 251 339 594
340 250 340 595
341 249 341 596
342 247 342 597
343 245 343 597
344 235 344 598
345 231 345 599
346 229 346 599
347 225 347 599
348 224 348 600
349 223 349 601
350 221 350 601
351 216 351 602
352 212 352 603
353 208 353 604
354 206 354 605
355 205 355 606
356 203 356 608
357 202 357 608
358 201 358 609
359 200 359 609
360 200 360 610
361 199 361 610
362 199 362 611
363 198 363 611
364 198 364 611
365 198 365 611
366 197 366 612
367 197 367 612
368 197 368 613
369 196 369 613
370 195 370 613
371 194 371 614
372 194 372 614
373 193 373 614
374 192 374 614
375 191 375 615
376 191 376 615
377 190 377 615
378 190 378 615
379 190 379 614
380 190 380 614
381 189 381 614
382 189 382 614
383 189 383 614
384 189 384 614
385 189 385 613
386 189 386 613
387 189 387 613
388 189 388 613
389 189 389 613
390 189 390 612
391 189 391 612
392 189 392 611
393 189 393 610
394 189 394 609
395 189 395 608
396 189 396 607
397 189 397 607
398 189 398 605
399 189 399 604
400 189 400 603
401 189 401 603
402 188 402 602
403 188 403 602
404 188 404 601
405 188 405 600
406 188 406 599
407 188 407 598
408 188 408 597
409 188 409 595
410 188 410 594
411 188 411 593
412 188 412 592
413 189 413 591
414 189 414 590
415 189 415 589
416 189 416 587
417 189 417 586
418 189 418 584
419 189 419 580
420 189 420 578
421 190 421 578
422 190 422 578
423 190 423 578
424 190 424 578
425 190 425 578
426 191 426 578
427 191 427 578
428 192 428 577
429 192 429 577
430 193 430 577
431 193 431 577
432 194 432 577
433 195 433 577
434 195 434 577
435 196 435 577
436 197 436 577
437 198 437 577
438 198 438 577
439 199 439 577
440 200 440 576
441 201 441 576
442 201 442 576
443 202 443 576
444 202 444 576
445 204 445 575
446 205 446 575
447 205 447 575
448 206 448 574
449 208 449 574
450 209 450 574
451 210 451 574
452 210 452 575
453 211 453 575
454 212 454 575
455 212 455 575
456 213 456 575
457 213 457 575
458 215 458 575
459 215 459 575
460 216 460 575
461 219 461 575
462 220 462 575
463 221 463 575
464 223 464 575
465 225 465 574
466 226 466 574
467 226 467 574
468 227 468 574
469 227 469 574
470 228 470 574
471 229 471 573
472 229 472 573
473 230 473 573
474 230 474 573
475 231 475 573
476 232 476 572
477 232 477 572
478 232 478 572
479 233 479 571
480 234 480 571
481 235 481 571
482 235 482 571
483 236 483 570
484 237 484 570
485 239 485 570
486 241 486 570
487 242 487 569
488 245 488 569
489 247 489 569
490 250 490 568
491 251 491 568
492 252 492 568
493 253 493 568
494 258 494 568
495 273 495 568
496 277 496 568
497 277 497 568
498 278 498 568
499 278 499 567
500 278 500 567
501 278 501 567
502 278 502 567
503 278 503 566
504 278 504 566
505 278 505 566
506 279 506 566
507 279 507 565
508 280 508 565
509 280 509 565
510 280 510 564
511 280 511 564
512 280 512 564
513 280 513 564
514 280 514 565
515 281 515 565
516 281 516 565
517 281 517 565
518 282 518 566
519 282 519 566
520 283 520 566
521 285 521 566
522 285 522 566
523 286 523 567
524 289 524 567
525 290 525 567
526 291 526 567
527 291 527 566
528 292 528 566
529 293 529 566
530 294 530 566
531 295 531 565
532 296 532 565
533 298 533 564
534 301 534 564
535 304 535 564
536 305 536 563
537 306 537 563
538 307 538 563
539 308 539 562
540 309 540 561
541 311 541 560
542 312 542 560
543 314 543 558
544 317 544 557
545 320 545 556
546 324 546 554
547 326 547 554
548 329 548 553
549 331 549 551
550 332 550 549
551 335 551 548
552 336 552 548
553 337 553 546
554 340 554 545
555 344 555 544
556 349 556 542
557 352 557 541
558 361 558 538
559 370 559 535
560 379 560 529
561 382 561 523
562 385 562 497
563 388 563 496
564 392 564 495
565 405 565 494
566 409 566 493
567 413 567 493
568 446 568 491
569 450 569 488
570 465 570 483
571 472 571 476
