121 378
121 379
121 380
121 381
121 382
121 383
121 384
122 372
122 373
122 374
122 375
122 376
122 377
123 350
123 351
123 352
123 353
123 354
123 355
123 356
123 357
123 358
123 359
123 363
123 364
123 365
123 366
123 367
123 368
123 369
123 370
123 371
124 343
124 344
124 345
124 346
124 347
124 348
124 349
124 360
124 361
124 362
125 332
125 333
125 334
125 335
125 342
126 324
126 325
126 326
126 327
126 328
126 329
126 330
126 331
126 336
126 337
126 338
126 339
126 340
126 341
127 323
128 319
128 320
128 321
128 322
129 305
129 306
129 307
129 308
129 309
129 310
129 311
129 312
129 313
129 314
129 315
129 316
129 317
129 318
130 298
130 299
130 300
130 301
130 302
130 303
130 304
131 292
131 293
131 294
131 295
131 296
131 297
132 288
132 289
132 290
132 291
133 284
133 285
133 286
133 287
134 281
134 282
134 283
135 280
136 278
136 279
137 277
138 276
139 272
139 273
139 274
139 275
140 268
140 269
140 270
140 271
141 265
141 266
141 267
142 264
143 262
143 263
144 261
145 260
146 259
147 258
148 256
148 257
149 254
149 255
150 252
150 253
151 250
151 251
152 249
153 247
153 248
154 246
155 245
158 243
158 244
159 242
160 240
160 241
161 238
161 239
163 236
164 236
165 235
166 235
167 235
168 235
169 234
170 234
171 234
172 234
173 234
174 233
175 233
176 232
177 231
178 229
179 227
180 225
181 225
182 224
183 222
184 221
185 220
186 219
187 218
188 216
189 216
190 215
191 215
192 215
193 214
194 212
195 211
196 211
197 210
198 210
199 210
200 209
201 209
202 208
203 208
204 207
205 207
206 206
207 206
208 205
209 205
210 203
211 203
212 202
213 201
214 200
215 200
216 198
217 198
218 197
219 197
220 196
221 196
222 196
223 195
224 194
225 192
226 191
227 191
228 190
229 190
230 190
231 189
232 189
233 189
234 189
235 189
236 189
237 188
238 188
239 188
240 188
241 188
242 187
243 187
244 187
245 187
246 186
247 186
248 185
249 185
250 185
251 185
252 185
253 185
254 185
255 185
256 185
257 185
258 185
259 184
260 183
261 182
262 181
263 181
264 180
265 180
266 179
267 179
268 179
269 178
270 176
271 175
272 174
273 173
274 172
275 172
276 171
277 171
278 170
279 170
280 170
281 170
282 170
283 170
284 169
285 169
286 169
287 169
288 169
289 168
290 168
291 168
292 168
293 167
294 166
295 166
296 166
297 165
298 165
299 165
300 164
301 164
302 164
303 164
304 164
305 163
306 163
307 162
308 162
309 162
310 162
311 161
312 161
313 160
314 160
315 160
316 160
317 160
318 160
319 160
320 160
321 160
322 160
323 160
324 160
325 161
326 162
327 163
328 163
329 164
330 165
331 165
332 165
333 166
334 166
335 166
336 166
337 167
338 168
339 168
340 168
341 169
342 170
343 171
344 171
345 172
346 173
347 174
348 176
349 177
350 179
351 180
351 238
351 239
351 240
351 241
351 242
351 243
351 244
351 245
351 246
351 247
351 248
351 249
351 250
351 251
351 252
351 253
351 254
351 255
351 256
351 257
351 258
351 259
351 260
351 261
351 262
351 263
351 264
351 265
351 266
351 267
351 268
351 269
351 270
351 271
351 272
351 273
351 274
351 275
351 276
351 277
351 278
351 279
351 280
351 281
351 282
351 283
351 284
351 285
351 286
351 287
351 288
351 289
351 290
351 291
351 292
351 293
351 294
351 295
351 296
351 297
351 298
351 299
351 300
351 301
351 302
351 303
351 304
351 305
351 306
351 307
351 308
351 309
351 310
351 311
351 312
351 313
351 314
351 315
351 316
351 317
351 318
351 319
351 320
351 321
351 322
351 323
351 324
351 325
351 326
351 327
351 328
351 329
351 330
351 331
351 332
351 333
351 334
351 335
351 336
351 337
351 338
351 339
351 340
351 341
351 342
351 343
351 344
351 345
351 346
351 347
351 348
351 349
351 350
351 351
351 352
351 353
351 354
351 355
351 356
351 357
351 358
351 359
351 360
351 361
351 362
351 363
351 364
351 365
351 366
351 367
351 368
351 369
351 370
351 371
351 372
351 373
351 374
351 375
351 376
351 377
351 378
351 379
351 380
351 381
351 382
351 383
351 384
352 181
353 181
354 180
355 180
356 179
357 179
358 178
359 178
360 177
361 176
362 175
363 172
364 171
365 171
366 170
367 169
368 168
369 168
370 167
371 167
372 166
373 166
374 165
375 165
376 165
377 165
378 164
379 164
380 163
381 162
382 161
383 161
384 160
385 160
386 160
387 160
388 160
389 160
390 160
391 160
392 160
393 161
394 161
395 161
396 162
397 162
398 162
399 162
400 163
401 163
402 163
403 164
404 164
405 164
406 164
407 165
408 165
409 165
410 165
411 166
412 166
413 166
414 167
415 167
416 167
417 168
418 169
419 169
420 169
421 169
422 169
423 170
424 170
425 170
426 170
427 170
428 171
429 171
430 171
431 172
432 172
433 173
434 173
435 174
436 175
437 176
438 177
439 178
440 178
441 179
442 180
443 181
444 182
445 182
446 182
447 182
448 183
449 183
450 184
451 184
452 184
453 185
454 185
455 185
456 185
457 186
458 186
459 186
460 186
461 186
462 186
463 187
464 187
465 187
466 187
467 187
468 188
469 188
470 189
471 189
472 189
473 189
474 189
475 190
476 190
477 190
478 190
479 191
480 191
481 191
482 192
483 192
484 193
485 194
486 195
487 196
488 197
489 198
490 198
491 199
492 199
493 200
494 200
495 201
496 202
497 204
498 205
499 206
500 206
501 207
502 207
503 207
504 208
505 208
506 209
507 209
508 209
509 210
510 210
511 210
512 211
513 212
514 213
515 215
516 215
517 216
518 216
519 217
520 217
521 217
522 219
523 220
524 222
525 223
526 225
527 228
528 229
529 230
530 230
531 231
532 232
533 233
534 233
535 234
536 234
537 234
538 235
539 235
540 235
541 235
542 236
543 236
544 237
545 238
546 239
547 240
548 241
549 242
550 243
551 244
552 245
553 247
554 249
555 251
556 252
557 252
558 253
559 254
560 255
561 257
562 259
563 262
564 264
565 265
566 266
567 267
568 269
569 270
570 272
571 275
572 280
573 286
574 288
575 290
576 291
577 294
578 297
579 299
580 312
581 323
582 334
583 341
584 358
585 365
586 370
587 379
588 391
589 393
590 401
591 402
592 405
592 426
591 504
590 504
589 513
588 515
587 518
586 519
585 521
584 524
583 528
582 555
581 562
580 563
579 567
578 569
577 570
576 574
575 576
574 580
573 584
572 588
571 590
570 591
569 592
568 593
567 593
566 595
565 597
564 600
563 603
562 604
561 605
560 606
559 608
558 608
557 609
556 610
555 610
554 610
553 610
552 611
551 611
550 611
549 611
548 611
547 611
546 611
545 611
544 611
543 611
542 611
541 611
540 611
539 611
538 611
537 610
536 610
535 610
534 610
533 610
532 609
531 609
530 608
529 608
528 608
527 608
526 608
525 608
524 608
523 608
522 608
521 607
520 606
519 606
518 606
517 606
516 606
515 606
514 606
513 605
512 605
511 605
510 605
509 605
508 605
507 605
506 605
505 604
504 604
503 604
502 604
501 604
500 603
499 603
498 603
497 603
496 603
495 603
494 603
493 603
492 603
491 603
490 603
489 603
488 604
487 604
486 604
485 604
484 604
483 605
482 605
481 605
480 605
479 605
478 605
477 606
476 606
475 606
474 607
473 608
472 606
471 606
470 605
469 605
468 605
467 605
466 605
465 604
464 604
463 604
462 604
461 604
460 604
459 604
458 604
457 603
456 603
455 603
454 603
453 603
452 601
451 601
450 601
449 600
448 600
447 599
446 597
445 596
444 596
443 595
442 595
441 594
440 593
439 592
438 591
437 589
436 587
435 586
434 586
433 585
432 585
431 584
430 583
429 582
428 580
427 577
426 576
425 576
424 576
423 575
422 575
421 574
420 574
419 574
418 571
417 568
416 568
415 567
414 566
413 566
412 565
411 563
410 561
409 559
408 554
407 552
406 550
405 549
404 549
403 548
402 548
401 547
400 546
399 546
398 546
397 548
396 549
395 549
394 550
393 551
392 553
391 553
390 553
389 554
388 554
387 554
386 554
385 554
384 554
383 554
382 554
381 554
380 554
379 554
378 554
377 554
376 554
375 554
374 554
373 554
372 554
371 554
370 554
369 554
368 554
367 554
366 554
365 554
364 554
363 554
362 554
361 554
360 554
359 554
358 554
357 554
356 554
355 554
354 554
353 554
352 554
351 554
351 385
351 386
351 387
351 388
351 389
351 390
351 391
351 392
351 393
351 394
351 395
351 396
351 397
351 398
351 399
351 400
351 401
351 402
351 403
351 404
351 405
351 406
351 407
351 408
351 409
351 410
351 411
351 412
351 413
351 414
351 415
351 416
351 417
351 418
351 419
351 420
351 421
351 422
351 423
351 424
351 425
351 426
351 427
351 428
351 429
351 430
351 431
351 432
351 433
351 434
351 435
351 436
351 437
351 438
351 439
351 440
351 441
351 442
351 443
351 444
351 445
351 446
351 447
351 448
351 449
351 450
351 451
351 452
351 453
351 454
351 455
351 456
351 457
351 458
351 459
351 460
351 461
351 462
351 463
351 464
351 465
351 466
351 467
351 468
351 469
351 470
351 471
351 472
351 473
351 474
351 475
351 476
351 477
351 478
351 479
351 480
351 481
351 482
351 483
351 484
351 485
351 486
351 487
351 488
351 489
351 490
351 491
351 492
351 493
351 494
351 495
351 496
351 497
351 498
351 499
351 500
351 501
351 502
351 503
351 504
351 505
351 506
351 507
351 508
351 509
351 510
351 511
351 512
351 513
351 514
351 515
351 516
351 517
351 518
351 519
351 520
351 521
351 522
351 523
351 524
351 525
351 526
351 527
351 528
351 529
351 530
351 531
351 532
351 533
351 534
351 535
351 536
351 537
351 538
351 539
351 540
351 541
351 542
351 543
351 544
351 545
351 546
351 547
351 548
351 549
351 550
351 551
351 552
351 553
350 554
349 554
348 554
347 554
346 554
345 554
344 554
343 554
342 554
341 554
340 554
339 554
338 554
337 554
336 554
335 554
334 554
333 554
332 554
331 554
330 554
329 554
328 554
327 554
326 554
325 554
324 554
323 554
322 554
321 554
320 554
319 554
318 553
317 553
316 553
315 552
314 551
313 550
312 549
311 549
310 548
309 547
308 546
307 544
306 540
305 537
304 546
303 548
302 554
302 554
302 555
301 556
301 556
300 557
300 557
300 558
299 559
299 559
298 560
298 560
297 561
297 561
296 562
296 562
295 563
295 563
295 564
294 565
294 565
293 566
293 566
293 567
293 568
292 569
292 569
292 570
291 571
291 571
290 572
290 572
289 573
289 573
288 574
287 574
287 574
286 575
285 575
285 575
284 576
283 576
283 576
283 577
282 578
282 578
282 579
281 580
281 580
280 581
279 581
278 581
278 581
278 582
277 583
277 583
276 584
275 584
275 584
274 585
274 585
273 586
273 586
273 587
273 588
272 589
272 589
272 590
271 591
270 591
270 591
269 592
269 592
268 593
268 593
267 594
266 594
265 594
265 594
264 595
264 595
263 596
263 596
263 597
263 598
262 599
262 599
261 600
260 600
259 600
259 600
258 601
257 601
257 601
256 602
256 602
255 603
254 603
253 603
252 603
251 603
250 603
250 603
249 604
248 604
247 604
246 604
245 604
244 604
244 604
243 605
242 605
241 605
240 605
239 605
238 605
237 605
236 605
236 605
235 606
234 606
233 606
232 606
231 606
230 606
229 606
229 606
229 607
228 606
227 605
226 605
225 605
224 605
223 604
222 604
221 604
220 603
219 603
218 603
217 603
216 603
215 603
214 603
213 603
212 601
211 601
210 602
209 603
208 603
207 604
206 604
205 604
204 605
203 605
202 605
201 605
200 605
199 605
198 605
197 605
196 605
195 605
194 605
193 605
192 605
191 606
190 606
189 606
188 606
187 608
186 608
185 608
184 608
183 608
182 608
182 608
181 609
180 609
179 609
178 609
177 609
176 609
175 609
174 609
173 609
173 609
172 610
171 610
171 610
170 611
169 611
168 611
167 611
166 611
165 611
164 611
163 611
153 610
152 609
151 608
150 607
149 606
148 604
148 605
147 602
147 603
146 601
145 600
144 599
143 598
142 595
142 596
142 597
141 594
139 591
139 592
139 593
138 587
138 588
138 589
138 590
137 584
137 585
137 586
136 583
135 582
134 580
134 581
133 579
132 577
132 578
131 573
131 574
131 575
131 576
130 572
129 538
129 539
129 564
129 565
129 566
129 567
129 568
129 569
129 570
129 571
128 529
128 530
128 531
128 532
128 533
128 534
128 535
128 536
128 537
128 540
128 541
128 542
128 543
128 544
128 545
128 546
128 547
128 548
128 549
128 550
128 551
128 552
128 553
128 554
128 555
128 556
128 557
128 558
128 559
128 560
128 561
128 562
128 563
127 528
125 527
124 526
123 524
123 525
122 522
122 523
121 385
121 386
121 387
121 388
121 389
121 390
121 391
121 518
121 519
121 520
121 521
120 392
120 393
120 394
120 395
120 396
120 481
120 482
120 483
120 484
120 516
120 517
119 397
119 398
119 399
119 400
119 401
119 402
119 403
119 434
119 435
119 436
119 437
119 438
119 439
119 440
119 441
119 442
119 443
119 444
119 445
119 446
119 447
119 448
119 449
119 450
119 451
119 452
119 453
119 454
119 455
119 456
119 457
119 458
119 459
119 460
119 461
119 462
119 466
119 467
119 468
119 469
119 470
119 471
119 472
119 473
119 474
119 475
119 476
119 477
119 478
119 479
119 480
119 485
119 486
119 487
119 488
119 489
119 490
119 491
119 492
119 493
119 494
119 495
119 496
119 497
119 498
119 499
119 500
119 501
119 502
119 503
119 504
119 505
119 506
119 507
119 508
119 509
119 510
119 511
119 512
119 513
119 514
119 515
118 404
118 405
118 406
118 407
118 408
118 409
118 410
118 411
118 412
118 413
118 414
118 415
118 416
118 417
118 418
118 419
118 420
118 421
118 422
118 423
118 424
118 425
118 426
118 427
118 428
118 429
118 430
118 431
118 432
118 433
118 463
118 464
118 465
