75 238
75 239
76 236
76 237
78 218
78 219
78 220
78 221
78 222
78 223
78 224
78 225
78 226
78 227
78 228
78 235
79 216
79 217
79 229
79 230
79 231
80 212
80 213
80 214
80 215
80 232
80 233
80 234
81 205
81 206
81 207
81 208
81 209
81 210
81 211
82 204
83 201
83 202
83 203
84 198
84 199
84 200
85 197
86 196
87 195
88 194
89 188
89 189
89 190
89 191
89 192
89 193
90 185
90 186
90 187
91 179
91 180
91 181
91 182
91 183
91 184
92 178
93 176
93 177
94 173
94 174
94 175
95 172
96 169
97 168
98 166
99 165
100 162
101 161
102 160
103 159
104 158
105 157
106 156
107 155
108 154
109 153
110 152
111 152
112 152
113 151
114 150
115 148
116 148
117 148
118 148
119 147
120 146
121 145
122 144
123 143
124 142
125 141
126 141
127 141
128 141
129 140
130 140
131 137
132 137
133 137
134 136
135 136
136 136
137 136
138 136
139 137
140 137
141 138
142 139
143 140
144 140
145 141
146 141
147 141
148 141
149 142
150 142
151 142
152 142
153 141
154 141
155 140
156 140
157 139
158 139
159 137
160 135
161 135
162 134
163 133
164 133
165 133
166 132
167 132
168 132
169 132
170 132
171 132
172 132
173 132
174 132
175 132
176 132
177 132
178 132
179 132
180 132
181 132
182 132
183 132
184 132
185 132
186 133
187 133
188 133
189 133
190 135
191 135
192 135
193 136
194 137
195 138
196 139
197 142
198 142
199 145
200 147
201 148
202 150
203 151
204 168
205 175
206 181
207 185
208 186
209 195
210 198
211 202
212 203
213 206
214 207
215 206
215 172
215 173
216 205
216 174
217 205
217 175
217 176
218 204
218 177
218 178
218 179
218 180
218 181
218 182
218 183
218 184
218 185
218 186
218 187
218 188
218 189
219 204
219 190
219 191
220 204
220 192
220 193
220 194
220 195
220 196
220 197
220 198
220 199
221 204
221 200
221 201
221 202
221 203
222 200
222 204
222 205
222 206
222 207
222 208
222 209
222 210
222 211
222 212
222 213
222 214
222 215
222 216
222 217
222 218
222 219
222 220
222 221
222 222
222 223
222 224
222 225
222 226
222 227
222 228
222 229
222 230
222 231
222 232
222 233
222 234
222 235
222 236
222 237
222 238
222 239
223 192
224 190
225 177
226 175
227 174
228 172
229 171
230 151
231 145
232 144
233 142
234 141
235 141
236 140
237 140
238 139
239 137
240 135
241 135
242 134
243 133
244 133
245 133
246 132
247 132
248 132
249 132
250 132
251 132
252 132
253 132
254 132
255 132
256 132
257 132
258 132
259 132
260 132
261 132
262 132
263 132
264 132
265 133
266 133
267 133
268 133
269 133
270 135
271 135
272 135
273 136
274 137
275 140
276 140
277 140
278 140
279 141
280 141
281 141
282 142
283 142
284 143
285 143
286 142
287 142
288 141
289 140
290 137
291 137
292 137
293 136
294 136
295 136
296 136
297 137
298 137
299 137
300 137
301 138
302 139
303 140
304 140
305 141
306 141
307 142
308 142
309 143
310 143
311 144
312 145
313 146
314 147
315 148
316 149
317 150
318 150
319 150
320 151
321 152
322 153
323 154
324 156
325 156
326 157
327 157
328 157
329 158
330 161
331 163
332 164
333 165
334 166
335 167
336 168
337 172
338 172
339 176
340 186
341 187
342 188
343 189
344 191
345 193
346 196
347 198
348 199
349 201
350 203
351 206
352 209
353 210
354 216
355 237
356 239
357 240
358 241
359 243
360 248
361 279
361 337
360 342
359 346
358 348
357 349
356 361
355 365
354 370
353 372
352 373
351 374
350 375
349 375
348 376
347 376
346 379
345 380
344 381
343 382
342 382
341 382
340 382
339 383
338 383
337 383
336 383
335 383
334 383
333 383
332 383
331 383
330 383
329 384
328 384
327 384
326 384
325 385
324 386
323 385
322 385
321 385
320 385
319 384
318 384
317 384
316 384
315 384
314 384
313 384
312 384
311 384
310 383
309 383
308 383
307 383
306 383
305 383
304 383
303 383
302 383
301 383
300 383
299 382
298 382
297 382
296 382
295 381
294 381
293 381
292 381
291 381
290 380
289 380
288 380
287 379
286 379
285 378
284 378
283 378
282 378
281 378
280 378
279 378
278 378
277 378
276 378
275 378
274 378
273 377
272 377
271 376
270 376
269 376
268 375
267 375
266 374
265 374
264 373
263 373
262 373
261 373
260 373
259 373
258 372
257 371
256 371
255 371
254 371
253 370
252 368
251 367
250 367
249 366
248 365
247 365
246 364
245 363
244 363
243 363
242 363
241 362
240 362
239 361
238 361
237 360
236 360
235 360
234 360
233 360
232 359
231 359
230 359
229 358
228 358
227 358
226 357
225 357
224 356
223 354
222 353
222 240
222 241
222 242
222 243
222 244
222 245
222 246
222 247
222 248
222 249
222 250
222 251
222 252
222 253
222 254
222 255
222 256
222 257
222 258
222 259
222 260
222 261
222 262
222 263
222 264
222 265
222 266
222 267
222 268
222 269
222 270
222 271
222 272
222 273
222 274
222 275
222 276
222 277
222 278
222 279
222 280
222 281
222 282
222 283
222 284
222 285
222 286
222 287
222 288
222 289
222 290
222 291
222 292
222 293
222 294
222 295
222 296
222 297
222 298
222 299
222 300
222 301
222 302
222 303
222 304
222 305
222 306
222 307
222 308
222 309
222 310
222 311
222 312
222 313
222 314
222 315
222 316
222 317
222 318
222 319
222 320
222 321
222 322
222 323
222 324
222 325
222 326
222 327
222 328
222 329
222 330
222 331
222 332
222 333
222 334
222 335
222 336
222 337
222 338
222 339
222 340
222 341
222 342
222 343
222 344
222 345
222 346
222 347
222 348
222 349
222 350
222 351
221 352
221 352
220 351
220 353
219 351
219 354
219 355
218 350
218 356
217 349
216 348
216 357
215 347
214 346
213 348
213 358
212 351
211 353
210 354
210 359
209 355
208 356
207 356
206 357
205 357
205 360
204 358
203 358
203 361
202 359
201 359
201 362
200 359
199 360
198 360
197 360
197 363
196 360
196 364
195 360
194 360
194 365
193 361
193 366
192 361
191 361
191 367
190 362
190 368
190 369
189 362
189 370
188 364
187 364
186 364
185 365
185 371
184 365
184 372
183 365
182 366
181 368
180 369
179 370
178 371
178 373
177 371
176 371
176 374
175 371
174 371
174 375
173 372
172 372
171 373
171 376
170 373
169 373
169 377
168 373
167 373
166 374
165 375
164 375
163 375
162 375
161 376
160 376
159 376
158 377
157 377
157 378
156 378
155 378
155 379
154 379
153 379
152 379
152 380
151 379
150 378
149 378
148 378
147 378
147 381
146 378
145 378
144 379
143 379
143 382
142 380
141 380
140 380
139 381
138 381
137 381
136 381
135 382
134 382
133 382
132 382
132 383
131 383
130 383
129 383
128 383
127 383
126 383
125 383
124 383
123 383
123 384
122 383
121 383
120 383
119 383
119 385
118 384
117 384
116 384
115 385
114 385
113 386
112 386
111 386
110 386
110 385
109 385
109 384
108 384
107 384
106 384
105 384
105 383
104 383
103 383
102 383
101 383
100 383
99 383
98 383
97 383
96 383
93 382
90 381
88 380
85 377
85 378
85 379
84 376
83 375
82 374
81 372
81 373
80 371
79 369
79 370
78 368
77 367
76 366
75 240
75 362
75 363
75 364
75 365
74 241
74 242
74 243
74 244
74 245
74 308
74 309
74 310
74 311
74 312
74 313
74 314
74 315
74 316
74 317
74 318
74 319
74 320
74 347
74 348
74 349
74 350
74 351
74 352
74 353
74 354
74 355
74 356
74 357
74 358
74 359
74 360
74 361
73 246
73 247
73 248
73 249
73 250
73 251
73 252
73 253
73 254
73 255
73 256
73 257
73 258
73 259
73 260
73 261
73 262
73 263
73 264
73 265
73 266
73 267
73 268
73 269
73 270
73 271
73 272
73 273
73 274
73 275
73 276
73 277
73 278
73 279
73 280
73 281
73 282
73 283
73 284
73 285
73 296
73 297
73 298
73 299
73 300
73 301
73 302
73 303
73 304
73 305
73 306
73 307
73 321
73 322
73 323
73 324
73 325
73 326
73 327
73 328
73 329
73 330
73 331
73 332
73 333
73 334
73 335
73 336
73 337
73 338
73 339
73 340
73 341
73 342
73 343
73 344
73 345
73 346
72 286
72 287
72 288
72 289
72 290
72 291
72 292
72 293
72 294
72 295
