98 344
99 343
100 342
101 340
101 341
102 338
102 339
103 334
103 335
103 336
103 337
104 309
104 310
104 311
104 312
104 313
104 314
104 315
104 316
104 317
104 318
104 319
104 320
104 321
104 322
104 323
104 324
104 325
104 326
104 327
104 328
104 329
104 330
104 331
104 332
104 333
105 304
105 305
105 306
105 307
105 308
106 301
106 302
106 303
107 300
108 298
108 299
109 296
109 297
110 294
110 295
111 293
112 292
113 291
114 289
114 290
115 288
116 286
116 287
117 285
118 280
118 281
118 282
118 283
118 284
119 277
119 278
119 279
120 272
120 273
120 274
120 275
120 276
121 268
121 269
121 270
121 271
122 266
122 267
123 264
123 265
124 258
124 259
124 260
124 261
124 262
124 263
125 252
125 253
125 254
125 255
125 256
125 257
126 248
126 249
126 250
126 251
127 246
127 247
128 244
128 245
129 242
129 243
130 240
130 241
131 239
133 238
134 236
134 237
135 235
136 234
138 233
139 232
141 231
143 230
144 229
146 226
146 227
146 228
147 225
148 224
149 221
150 217
151 214
152 213
153 211
154 210
155 209
156 208
157 206
158 204
159 203
160 202
161 201
162 200
163 200
164 200
165 199
166 199
167 199
168 198
169 197
170 196
171 195
172 194
173 194
174 193
175 193
176 192
177 192
178 191
179 191
180 190
181 190
182 189
183 188
184 188
185 186
186 184
187 183
188 181
189 179
190 177
191 174
192 173
193 171
194 170
195 169
196 168
197 168
198 167
199 166
200 166
201 166
202 166
203 165
204 165
205 165
206 165
207 165
208 165
209 164
210 164
211 164
212 165
213 165
214 166
215 166
216 166
217 167
218 168
219 168
220 169
221 170
222 171
223 169
224 166
225 164
226 161
227 160
228 159
229 158
230 157
231 156
232 155
233 154
234 153
235 152
236 151
237 150
238 149
239 149
240 148
241 148
242 147
243 147
244 146
245 146
246 146
247 146
248 146
249 145
250 145
251 145
252 145
253 144
254 144
255 144
256 144
257 143
258 143
259 142
260 142
261 142
262 141
263 141
264 140
265 140
266 140
267 140
268 139
269 139
270 139
271 139
272 139
273 139
274 139
275 139
276 139
277 139
278 139
279 140
280 140
281 140
282 141
283 142
284 142
285 143
286 144
287 144
288 144
289 144
290 145
291 145
292 145
293 145
294 144
295 144
296 144
297 144
298 144
299 144
300 144
301 143
302 142
303 142
304 141
305 140
306 140
307 139
308 139
309 139
310 139
311 139
312 140
313 140
314 141
315 141
316 142
317 143
318 144
319 146
320 147
321 148
322 152
323 154
324 158
325 161
326 164
327 168
328 170
329 174
330 180
330 224
330 225
330 226
330 227
330 228
330 229
330 230
330 231
330 232
330 233
330 234
330 235
330 236
330 237
330 238
330 239
330 240
330 241
330 242
330 243
330 244
330 245
330 246
330 247
330 248
330 249
330 250
330 251
330 252
330 253
330 254
330 255
330 256
330 257
330 258
330 259
330 260
330 261
330 262
330 263
330 264
330 265
330 266
330 267
330 268
330 269
330 270
330 271
330 272
330 273
330 274
330 275
330 276
330 277
330 278
330 279
330 280
330 281
330 282
330 283
330 284
330 285
330 286
330 287
330 288
330 289
330 290
330 291
330 292
330 293
330 294
330 295
330 296
330 297
330 298
330 299
330 300
330 301
330 302
330 303
330 304
330 305
330 306
330 307
330 308
330 309
330 310
330 311
330 312
330 313
330 314
330 315
330 316
330 317
330 318
330 319
330 320
330 321
330 322
330 323
330 324
330 325
330 326
330 327
330 328
330 329
330 330
330 331
330 332
330 333
330 334
330 335
330 336
330 337
330 338
330 339
330 340
330 341
330 342
330 343
330 344
331 208
332 204
333 182
334 179
335 178
336 176
337 175
338 174
339 172
340 171
341 170
342 167
343 165
344 161
345 156
346 152
347 150
348 147
349 143
350 142
351 141
352 140
353 140
354 140
355 140
356 140
357 140
358 139
359 139
360 139
361 139
362 139
363 139
364 139
365 140
366 140
367 141
368 142
369 143
370 144
371 145
372 145
373 145
374 145
375 145
376 144
377 145
378 145
379 144
380 144
381 143
382 143
383 142
384 141
385 140
386 140
387 140
388 140
389 139
390 139
391 139
392 139
393 139
394 139
395 139
396 139
397 139
398 139
399 139
400 139
401 139
402 140
403 140
404 140
405 141
406 141
407 142
408 142
409 143
410 144
411 144
412 144
413 144
414 144
415 145
416 145
417 145
418 145
419 145
420 146
421 146
422 146
423 147
424 147
425 147
426 148
427 148
428 148
429 149
430 149
431 149
432 151
433 151
434 152
435 154
436 154
437 157
438 159
439 159
440 160
441 163
442 163
443 164
444 164
445 165
446 166
447 166
448 167
449 167
450 167
451 167
452 167
453 166
454 166
455 166
456 166
457 165
458 165
459 165
460 165
461 164
462 164
463 165
464 165
465 166
466 166
467 166
468 167
469 167
470 168
471 168
472 169
473 170
474 170
475 171
476 172
477 173
478 175
479 177
480 179
481 182
482 187
483 189
484 189
485 190
486 190
487 190
488 191
489 191
490 191
491 192
492 193
493 193
494 193
495 194
496 194
497 195
498 195
499 196
500 197
501 198
502 199
503 200
504 200
505 200
506 201
507 202
508 203
509 203
510 204
511 204
512 205
513 208
514 209
515 214
516 217
517 222
518 223
519 224
520 225
521 226
522 227
523 228
524 229
525 231
526 231
527 232
528 232
529 233
530 234
531 234
532 234
533 235
534 236
535 237
536 239
537 242
538 244
539 245
540 247
541 248
542 249
543 250
544 253
545 256
546 259
547 268
548 278
549 283
550 286
551 286
552 287
553 288
554 289
555 290
556 291
557 293
558 296
559 298
560 301
561 304
562 305
563 308
564 309
565 312
566 314
567 338
568 343
569 344
570 349
570 377
569 410
568 418
567 422
566 444
565 455
564 462
563 465
562 469
561 474
560 477
559 479
558 481
557 482
556 516
555 518
554 526
553 532
552 538
551 543
550 543
549 551
548 552
547 558
546 564
545 566
544 568
543 569
542 572
541 573
540 573
539 575
538 575
537 577
536 577
535 578
534 579
533 579
532 580
531 581
530 581
529 583
528 585
527 588
526 593
525 596
524 600
523 602
522 605
521 606
520 608
519 608
518 609
517 610
516 611
515 612
514 613
513 614
455 615
454 614
453 614
452 613
451 612
450 612
449 611
448 611
447 610
446 610
445 609
444 609
443 608
442 608
441 607
440 607
439 606
438 606
437 606
436 606
435 606
434 605
433 605
432 605
431 604
430 604
429 604
428 603
427 601
426 599
425 593
424 556
423 556
422 556
421 556
420 556
419 557
418 557
417 557
416 557
415 557
414 558
413 558
412 559
411 560
410 563
409 565
408 566
407 568
406 569
405 570
404 571
403 572
402 573
401 574
400 576
399 577
398 578
397 579
396 580
395 581
394 581
393 582
392 582
391 583
390 584
389 586
388 586
387 587
386 588
385 589
384 590
383 591
382 591
381 592
380 592
379 592
378 592
377 592
376 593
375 593
374 593
373 593
372 593
371 593
370 594
369 594
368 594
367 594
366 593
365 593
364 593
363 593
362 592
361 592
360 592
359 591
358 591
357 590
356 590
355 590
354 590
353 589
352 589
351 588
350 588
349 587
348 587
347 585
346 584
345 583
344 582
343 581
342 580
341 580
340 579
339 578
338 578
337 578
336 577
335 576
334 576
333 575
332 574
331 573
330 575
330 345
330 346
330 347
330 348
330 349
330 350
330 351
330 352
330 353
330 354
330 355
330 356
330 357
330 358
330 359
330 360
330 361
330 362
330 363
330 364
330 365
330 366
330 367
330 368
330 369
330 370
330 371
330 372
330 373
330 374
330 375
330 376
330 377
330 378
330 379
330 380
330 381
330 382
330 383
330 384
330 385
330 386
330 387
330 388
330 389
330 390
330 391
330 392
330 393
330 394
330 395
330 396
330 397
330 398
330 399
330 400
330 401
330 402
330 403
330 404
330 405
330 406
330 407
330 408
330 409
330 410
330 411
330 412
330 413
330 414
330 415
330 416
330 417
330 418
330 419
330 420
330 421
330 422
330 423
330 424
330 425
330 426
330 427
330 428
330 429
330 430
330 431
330 432
330 433
330 434
330 435
330 436
330 437
330 438
330 439
330 440
330 441
330 442
330 443
330 444
330 445
330 446
330 447
330 448
330 449
330 450
330 451
330 452
330 453
330 454
330 455
330 456
330 457
330 458
330 459
330 460
330 461
330 462
330 463
330 464
330 465
330 466
330 467
330 468
330 469
330 470
330 471
330 472
330 473
330 474
330 475
330 476
330 477
330 478
330 479
330 480
330 481
330 482
330 483
330 484
330 485
330 486
330 487
330 488
330 489
330 490
330 491
330 492
330 493
330 494
330 495
330 496
330 497
330 498
330 499
330 500
330 501
330 502
330 503
330 504
330 505
330 506
330 507
330 508
330 509
330 510
330 511
330 512
330 513
330 514
330 515
330 516
330 517
330 518
330 519
330 520
330 521
330 522
330 523
330 524
330 525
330 526
330 527
330 528
330 529
330 530
330 531
330 532
330 533
330 534
330 535
330 536
330 537
330 538
330 539
330 540
330 541
330 542
330 543
330 544
330 545
330 546
330 547
330 548
330 549
330 550
330 551
330 552
330 553
330 554
330 555
330 556
330 557
330 558
330 559
330 560
330 561
330 562
330 563
330 564
330 565
330 566
330 567
330 568
330 569
330 570
330 571
330 572
330 573
330 574
330 575
330 576
329 577
329 577
328 578
328 578
327 579
327 579
327 580
326 581
326 581
325 582
325 582
324 583
324 583
323 584
323 584
323 585
322 586
321 586
321 586
320 587
319 587
319 587
318 588
317 588
316 588
315 588
314 588
313 588
313 588
313 589
312 590
312 590
311 591
310 591
310 591
309 592
308 592
308 592
307 593
306 593
305 593
304 593
303 593
302 593
301 593
300 593
299 593
298 593
297 593
296 593
295 593
294 593
293 593
292 593
292 593
291 593
290 592
289 592
288 592
287 591
286 591
285 590
284 590
283 588
282 588
281 587
280 587
279 586
278 585
277 584
276 583
275 582
274 581
273 580
272 580
271 579
270 578
269 578
268 577
267 576
266 575
265 573
264 571
263 569
262 568
261 566
260 565
259 564
258 563
257 562
256 561
255 560
254 558
253 558
252 557
251 557
250 557
249 556
248 556
247 556
246 556
245 556
244 556
243 556
242 593
242 594
242 595
241 596
241 596
240 597
240 597
240 598
239 599
239 599
239 600
239 601
238 602
238 602
237 603
237 603
236 604
236 604
235 605
234 605
233 605
233 605
232 606
232 606
231 607
230 607
229 607
228 607
227 607
227 607
226 608
225 608
224 608
223 608
223 608
222 609
222 609
221 610
221 610
220 611
220 611
219 612
218 612
218 612
217 613
216 613
215 613
215 613
214 614
213 614
213 614
212 615
212 615
155 615
154 615
154 614
153 614
153 613
152 613
152 612
151 612
151 611
150 611
150 609
150 610
149 609
149 607
149 608
148 604
148 605
148 606
147 602
147 603
146 600
146 601
145 598
145 599
144 596
144 597
143 595
142 594
141 591
141 592
141 593
140 586
140 587
140 588
140 589
140 590
139 582
139 583
139 584
139 585
138 581
137 580
135 579
134 578
132 577
130 576
129 574
129 575
128 573
127 572
126 569
126 570
126 571
125 566
125 567
125 568
124 562
124 563
124 564
124 565
123 561
122 559
122 560
121 558
120 556
120 557
119 553
119 554
119 555
118 549
118 550
118 551
118 552
117 544
117 545
117 546
117 547
117 548
116 531
116 532
116 533
116 534
116 535
116 536
116 537
116 538
116 539
116 540
116 541
116 542
116 543
115 528
115 529
115 530
114 524
114 525
114 526
114 527
113 487
113 488
113 489
113 490
113 491
113 492
113 493
113 494
113 495
113 496
113 497
113 498
113 499
113 500
113 501
113 521
113 522
113 523
112 486
112 502
112 503
112 519
112 520
111 481
111 482
111 483
111 484
111 485
111 504
111 505
111 506
111 507
111 508
111 509
111 510
111 511
111 512
111 513
111 514
111 515
111 516
111 517
111 518
110 476
110 477
110 478
110 479
110 480
109 471
109 472
109 473
109 474
109 475
108 469
108 470
107 465
107 466
107 467
107 468
106 462
106 463
106 464
105 459
105 460
105 461
104 452
104 453
104 454
104 455
104 456
104 457
104 458
103 391
103 392
103 393
103 394
103 395
103 449
103 450
103 451
102 384
102 385
102 386
102 387
102 388
102 389
102 390
102 396
102 397
102 398
102 399
102 400
102 401
102 402
102 445
102 446
102 447
102 448
101 382
101 383
101 403
101 404
101 405
101 406
101 407
101 408
101 409
101 410
101 411
101 412
101 413
101 414
101 415
101 416
101 417
101 418
101 419
101 420
101 421
101 422
101 423
101 424
101 425
101 433
101 434
101 435
101 436
101 437
101 438
101 439
101 440
101 441
101 442
101 443
101 444
100 381
100 426
100 427
100 428
100 429
100 430
100 431
100 432
99 379
99 380
98 345
98 377
98 378
97 346
97 347
97 375
97 376
96 348
96 349
96 350
96 351
96 352
96 353
96 354
96 370
96 371
96 372
96 373
96 374
95 355
95 356
95 357
95 358
95 359
95 360
95 361
95 362
95 363
95 364
95 365
95 366
95 367
95 368
95 369
