95 352 95 365
96 349 96 368
97 347 97 372
98 346 98 376
99 344 99 376
100 314 100 380
101 304 101 387
102 301 102 392
103 297 103 394
104 297 104 395
105 294 105 396
106 293 106 397
107 275 107 398
108 271 108 399
109 270 109 400
110 257 110 401
111 246 111 402
112 243 112 403
113 242 113 404
114 242 114 405
115 242 115 405
116 242 116 405
117 242 117 406
118 242 118 406
119 242 119 406
120 242 120 406
121 242 121 406
122 242 122 406
123 242 123 406
124 243 124 406
125 243 125 406
126 243 126 406
127 245 127 406
128 247 128 406
129 247 129 406
130 247 130 407
131 245 131 407
132 240 132 407
133 231 133 408
134 230 134 409
135 226 135 410
136 223 136 410
137 222 137 411
138 222 138 411
139 222 139 411
140 221 140 412
141 221 141 412
142 221 142 412
143 220 143 413
144 220 144 413
145 219 145 413
146 218 146 413
147 218 147 412
148 218 148 412
149 218 149 412
150 218 150 412
151 218 151 411
152 218 152 411
153 217 153 411
154 217 154 410
155 216 155 410
156 215 156 410
157 213 157 410
158 212 158 409
159 212 159 408
160 211 160 408
161 211 161 408
162 211 162 408
163 211 163 407
164 210 164 407
165 210 165 407
166 210 166 406
167 210 167 406
168 210 168 406
169 210 169 406
170 211 170 406
171 212 171 405
172 213 172 404
173 214 173 403
174 215 174 401
175 216 175 399
176 217 176 397
177 217 177 396
178 217 178 396
179 217 179 395
180 217 180 394
181 218 181 391
182 218 182 390
183 219 183 389
184 220 184 388
185 220 185 387
186 221 186 386
187 223 187 384
188 224 188 382
189 225 189 379
190 227 190 376
191 228 191 375
192 230 192 373
193 231 193 372
194 232 194 371
195 232 195 371
196 233 196 368
197 235 197 365
198 237 198 362
199 242 199 361
200 242 200 361
201 243 201 360
202 248 202 359
203 255 203 358
204 258 204 355
205 264 205 353
206 268 206 348
207 266 207 350
208 265 208 352
209 264 209 353
210 263 210 354
211 262 211 355
212 261 212 356
213 260 213 357
214 254 214 358
215 241 215 359
216 238 216 361
217 236 217 362
218 235 218 366
219 234 219 366
220 233 220 367
221 233 221 370
222 232 222 372
223 230 223 374
224 229 224 375
225 227 225 378
226 226 226 379
227 226 227 381
228 225 228 381
229 224 229 383
230 223 230 385
231 221 231 387
232 220 232 388
233 219 233 389
234 218 234 390
235 218 235 391
236 218 236 391
237 217 237 393
238 217 238 397
239 217 239 399
240 216 240 400
241 216 241 400
242 215 242 402
243 214 243 402
244 213 244 403
245 212 245 405
246 211 246 406
247 211 247 406
248 211 248 406
249 211 249 406
250 211 250 407
251 210 251 407
252 210 252 408
253 211 253 408
254 211 254 408
255 211 255 408
256 211 256 408
257 212 257 408
258 213 258 409
259 213 259 410
260 214 260 410
261 215 261 411
262 216 262 411
263 216 263 411
264 217 264 411
265 217 265 412
266 218 266 412
267 220 267 412
268 220 268 412
269 220 269 412
270 220 270 412
271 220 271 412
272 220 272 412
273 220 273 412
274 220 274 412
275 220 275 412
276 221 276 412
277 222 277 412
278 223 278 411
279 224 279 411
280 225 280 411
281 226 281 410
282 228 282 408
283 229 283 407
284 234 284 407
285 235 285 407
286 242 286 407
287 243 287 407
288 244 288 406
289 245 289 406
290 245 290 406
291 245 291 406
292 243 292 406
293 243 293 406
294 243 294 406
295 242 295 406
296 242 296 406
297 241 297 406
298 241 298 406
299 242 299 406
300 242 300 406
301 242 301 405
302 243 302 405
303 244 303 404
304 245 304 403
305 246 305 403
306 251 306 402
307 257 307 401
308 272 308 400
309 275 309 399
310 276 310 398
311 283 311 397
312 299 312 394
313 304 313 388
314 307 314 384
315 307 315 383
316 340 316 380
317 342 317 377
318 344 318 374
319 346 319 370
320 350 320 369
