55 312 55 322
56 306 56 326
57 304 57 361
58 301 58 373
59 269 59 395
60 261 60 400
61 256 61 443
62 253 62 456
63 252 63 459
64 251 64 460
65 251 65 462
66 251 66 463
67 249 67 466
68 248 68 467
69 248 69 467
70 244 70 469
71 242 71 469
72 239 72 471
73 236 73 472
74 235 74 472
75 230 75 472
76 225 76 473
77 221 77 473
78 218 78 473
79 218 79 474
80 215 80 474
81 214 81 474
82 213 82 476
83 211 83 476
84 210 84 476
85 208 85 477
86 206 86 477
87 203 87 477
88 202 88 477
89 201 89 477
90 201 90 478
91 201 91 478
92 199 92 478
93 198 93 478
94 198 94 478
95 195 95 478
96 194 96 477
97 193 97 477
98 192 98 477
99 192 99 477
100 191 100 477
101 190 101 476
102 189 102 476
103 188 103 476
104 188 104 476
105 186 105 476
106 185 106 476
107 184 107 474
108 184 108 474
109 183 109 474
110 182 110 474
111 181 111 474
112 179 112 474
113 178 113 473
114 177 114 473
115 176 115 473
116 176 116 473
117 175 117 473
118 174 118 473
119 173 119 472
120 173 120 472
121 172 121 472
122 170 122 472
123 169 123 471
124 169 124 471
125 168 125 470
126 168 126 470
127 168 127 470
128 167 128 470
129 167 129 470
130 167 130 470
131 167 131 470
132 167 132 470
133 167 133 470
134 166 134 470
135 166 135 470
136 166 136 470
137 166 137 470
138 166 138 469
139 166 139 469
140 166 140 468
141 166 141 467
142 164 142 467
143 161 143 466
144 159 144 465
145 158 145 464
146 157 146 464
147 157 147 464
148 157 148 464
149 156 149 464
150 155 150 464
151 154 151 464
152 152 152 464
153 151 153 464
154 150 154 463
155 150 155 463
156 149 156 463
157 149 157 463
158 149 158 463
159 149 159 462
160 148 160 462
161 148 161 462
162 148 162 461
163 148 163 461
164 147 164 460
165 146 165 459
166 145 166 459
167 145 167 459
168 145 168 459
169 144 169 458
170 144 170 458
171 144 171 458
172 144 172 457
173 144 173 457
174 144 174 456
175 144 175 455
176 144 176 455
177 144 177 454
178 143 178 454
179 143 179 453
180 143 180 453
181 143 181 452
182 142 182 452
183 142 183 451
184 141 184 451
185 141 185 450
186 140 186 450
187 139 187 450
188 139 188 450
189 139 189 450
190 138 190 449
191 137 191 449
192 136 192 449
193 136 193 449
194 135 194 449
195 135 195 449
196 134 196 448
197 134 197 447
198 134 198 446
199 134 199 445
200 134 200 445
201 134 201 444
202 134 202 444
203 134 203 443
204 134 204 443
205 134 205 443
206 134 206 442
207 134 207 442
208 134 208 441
209 134 209 441
210 134 210 440
211 134 211 437
212 133 212 437
213 133 213 437
214 133 214 437
215 133 215 437
216 133 216 436
217 133 217 436
218 133 218 436
219 133 219 436
220 133 220 435
221 133 221 435
222 133 222 435
223 133 223 435
224 133 224 434
225 133 225 434
226 133 226 434
227 133 227 433
228 133 228 432
229 133 229 432
230 133 230 432
231 134 231 432
232 134 232 432
233 134 233 431
234 135 234 431
235 136 235 431
236 136 236 431
237 137 237 429
238 139 238 428
239 139 239 427
240 140 240 427
241 141 241 426
242 141 242 426
243 142 243 425
244 142 244 425
245 142 245 425
246 143 246 423
247 146 247 423
248 149 248 422
249 154 249 421
250 165 250 418
251 167 251 416
252 166 252 417
253 166 253 418
254 165 254 419
255 164 255 420
256 154 256 421
257 152 257 421
258 150 258 422
259 149 259 423
260 146 260 424
261 143 261 425
262 142 262 426
263 141 263 426
264 141 264 426
265 140 265 426
266 139 266 427
267 139 267 427
268 138 268 428
269 138 269 429
270 137 270 430
271 136 271 431
272 134 272 431
273 134 273 432
274 134 274 432
275 133 275 432
276 133 276 432
277 133 277 432
278 133 278 434
279 133 279 434
280 133 280 434
281 133 281 435
282 133 282 435
283 133 283 435
284 133 284 435
285 133 285 435
286 133 286 436
287 133 287 436
288 133 288 436
289 133 289 436
290 133 290 436
291 133 291 437
292 133 292 437
293 133 293 437
294 133 294 438
295 133 295 439
296 133 296 440
297 133 297 441
298 134 298 442
299 134 299 442
300 134 300 442
301 134 301 443
302 134 302 443
303 134 303 444
304 134 304 444
305 134 305 445
306 134 306 445
307 134 307 445
308 134 308 447
309 134 309 447
310 134 310 449
311 134 311 449
312 136 312 449
313 136 313 450
314 136 314 450
315 137 315 451
316 138 316 451
317 139 317 451
318 139 318 451
319 139 319 451
320 140 320 451
321 141 321 451
322 141 322 451
323 142 323 451
324 143 324 452
325 143 325 452
326 143 326 452
327 144 327 453
328 144 328 455
329 144 329 455
330 144 330 456
331 144 331 456
332 144 332 457
333 144 333 457
334 144 334 457
335 144 335 458
336 144 336 459
337 145 337 459
338 145 338 459
339 146 339 459
340 147 340 460
341 148 341 460
342 148 342 461
343 148 343 461
344 148 344 462
345 148 345 462
346 148 346 462
347 149 347 463
348 149 348 463
349 149 349 463
350 150 350 463
351 151 351 464
352 151 352 464
353 152 353 464
354 153 354 464
355 153 355 464
356 154 356 464
357 156 357 464
358 156 358 464
359 158 359 465
360 158 360 465
361 159 361 465
362 159 362 466
363 160 363 467
364 163 364 468
365 163 365 468
366 164 366 468
367 167 367 469
368 168 368 470
369 168 369 470
370 167 370 470
371 167 371 470
372 167 372 470
373 167 373 470
374 167 374 470
375 167 375 471
376 167 376 471
377 167 377 471
378 167 378 471
379 168 379 471
380 168 380 471
381 169 381 471
382 169 382 471
383 170 383 471
384 172 384 471
385 173 385 472
386 173 386 472
387 174 387 472
388 174 388 473
389 174 389 473
390 175 390 473
391 177 391 473
392 179 392 474
393 179 393 474
394 181 394 474
395 182 395 474
396 183 396 474
397 183 397 474
398 184 398 474
399 184 399 474
400 186 400 474
401 188 401 474
402 189 402 474
403 189 403 475
404 190 404 476
405 191 405 476
406 191 406 477
407 192 407 477
408 193 408 477
409 194 409 477
410 195 410 478
411 196 411 478
412 198 412 478
413 198 413 478
414 199 414 478
415 200 415 478
416 201 416 478
417 202 417 478
418 204 418 478
419 205 419 477
420 206 420 477
421 207 421 477
422 208 422 477
423 212 423 476
424 215 424 475
425 216 425 474
426 217 426 474
427 219 427 473
428 220 428 473
429 223 429 473
430 223 430 473
431 226 431 472
432 231 432 472
433 240 433 471
434 244 434 471
435 245 435 470
436 248 436 469
437 248 437 469
438 249 438 467
439 249 439 465
440 250 440 464
441 251 441 461
442 253 442 457
443 257 443 452
444 259 444 450
445 260 445 449
446 262 446 399
447 266 447 397
448 272 448 392
449 303 449 374
450 305 450 363
