105 366
105 367
105 368
105 369
105 370
106 363
106 364
106 365
106 371
106 372
107 360
107 361
107 362
108 359
109 351
109 352
109 353
109 354
109 355
109 356
109 357
109 358
110 324
110 325
110 326
110 327
110 328
110 329
110 330
110 331
110 332
110 333
110 334
110 335
110 336
110 337
110 338
110 339
110 340
110 341
110 342
110 343
110 344
110 345
110 346
110 347
110 348
110 349
110 350
111 320
111 321
111 322
111 323
112 317
112 318
112 319
113 314
113 315
113 316
114 311
114 312
114 313
115 305
115 306
115 307
115 308
115 309
115 310
116 297
116 298
116 299
116 300
116 301
116 302
116 303
116 304
117 296
118 293
118 294
118 295
119 291
119 292
120 288
120 289
120 290
121 284
121 285
121 286
121 287
122 282
122 283
123 280
123 281
124 278
124 279
125 276
125 277
126 274
126 275
127 271
127 272
127 273
128 270
129 267
129 268
129 269
130 264
130 265
130 266
131 262
131 263
132 260
132 261
133 258
133 259
134 254
134 255
134 256
134 257
135 252
135 253
136 249
136 250
136 251
137 247
137 248
138 245
138 246
139 243
139 244
140 242
141 241
142 239
142 240
143 238
144 235
144 236
144 237
145 234
146 232
146 233
147 231
148 230
149 229
150 228
151 227
152 225
153 224
154 223
155 221
156 220
157 219
158 218
159 217
160 215
161 214
162 213
163 212
164 211
165 209
166 206
167 204
168 203
169 201
170 200
171 200
172 199
173 198
174 197
175 195
176 195
177 194
178 194
179 193
180 193
181 193
182 192
183 191
184 190
185 189
186 188
187 188
188 187
189 185
190 182
191 179
192 179
193 177
194 176
195 174
196 174
197 173
198 172
199 170
200 169
201 169
202 168
203 167
204 166
205 166
206 165
207 164
208 163
209 162
210 161
211 160
212 160
213 159
214 158
215 157
216 157
217 157
218 157
219 156
220 156
221 156
222 155
223 155
224 155
225 155
226 155
227 155
228 155
229 156
230 156
231 157
232 158
233 159
234 159
235 160
236 160
237 160
238 160
239 160
240 157
241 155
242 154
243 152
244 151
245 149
246 149
247 148
248 147
249 146
250 144
251 144
252 143
253 143
254 142
255 142
256 141
257 141
258 140
259 140
260 140
261 140
262 139
263 139
264 139
265 138
266 138
267 137
268 136
269 135
270 135
271 135
272 134
273 134
274 134
275 134
276 134
277 134
278 134
279 134
280 134
281 134
282 134
283 133
284 133
285 133
286 133
287 133
288 133
289 133
290 133
291 133
292 133
293 133
294 133
295 133
296 133
297 133
298 132
299 132
300 132
301 132
302 132
303 132
304 132
305 132
306 132
307 132
308 132
309 132
310 132
311 133
312 133
313 133
314 133
315 133
316 133
317 133
318 133
319 132
320 132
321 132
322 132
323 131
324 131
325 131
326 131
327 132
328 132
329 132
330 133
331 133
332 133
333 134
334 134
335 135
336 136
337 137
338 138
339 139
340 140
341 143
342 146
342 227
342 228
342 229
342 230
342 231
342 232
342 233
342 234
342 235
342 236
342 237
342 238
342 239
342 240
342 241
342 242
342 243
342 244
342 245
342 246
342 247
342 248
342 249
342 250
342 251
342 252
342 253
342 254
342 255
342 256
342 257
342 258
342 259
342 260
342 261
342 262
342 263
342 264
342 265
342 266
342 267
342 268
342 269
342 270
342 271
342 272
342 273
342 274
342 275
342 276
342 277
342 278
342 279
342 280
342 281
342 282
342 283
342 284
342 285
342 286
342 287
342 288
342 289
342 290
342 291
342 292
342 293
342 294
342 295
342 296
342 297
342 298
342 299
342 300
342 301
342 302
342 303
342 304
342 305
342 306
342 307
342 308
342 309
342 310
342 311
342 312
342 313
342 314
342 315
342 316
342 317
342 318
342 319
342 320
342 321
342 322
342 323
342 324
342 325
342 326
342 327
342 328
342 329
342 330
342 331
342 332
342 333
342 334
342 335
342 336
342 337
342 338
342 339
342 340
342 341
342 342
342 343
342 344
342 345
342 346
342 347
342 348
342 349
342 350
342 351
342 352
342 353
342 354
342 355
342 356
342 357
342 358
342 359
342 360
342 361
342 362
342 363
342 364
342 365
342 366
342 367
342 368
342 369
342 370
342 371
342 372
343 148
344 150
345 151
346 153
347 154
348 153
349 153
350 152
351 151
352 151
353 150
354 150
355 149
356 147
357 146
358 145
359 142
360 139
361 137
362 135
363 135
364 133
365 133
366 133
367 132
368 132
369 132
370 132
371 132
372 132
373 131
374 131
375 131
376 131
377 131
378 131
379 131
380 132
381 132
382 133
383 133
384 133
385 133
386 132
387 132
388 132
389 132
390 132
391 132
392 132
393 132
394 132
395 132
396 132
397 132
398 132
399 132
400 133
401 133
402 133
403 133
404 133
405 133
406 133
407 133
408 133
409 133
410 133
411 133
412 133
413 133
414 133
415 133
416 133
417 134
418 134
419 134
420 134
421 134
422 134
423 134
424 134
425 135
426 135
427 136
428 137
429 137
430 137
431 137
432 138
433 139
434 139
435 139
436 139
437 140
438 140
439 140
440 140
441 141
442 141
443 142
444 142
445 143
446 143
447 143
448 144
449 145
450 146
451 147
452 150
453 152
454 153
455 154
456 156
457 157
458 157
459 157
460 158
461 158
462 158
463 158
464 158
465 158
466 158
467 158
468 157
469 157
470 157
471 156
472 156
473 156
474 155
475 155
476 155
477 155
478 155
479 156
480 156
481 157
482 158
483 158
484 159
485 159
486 160
487 160
488 161
489 161
490 163
491 163
492 164
493 166
494 167
495 168
496 168
497 169
498 169
499 170
500 171
501 172
502 174
503 176
504 177
505 179
506 181
507 182
508 183
509 184
510 186
511 187
512 188
513 188
514 189
515 190
516 191
517 193
518 194
519 194
520 194
521 195
522 195
523 196
524 196
525 197
526 198
527 199
528 201
529 202
530 206
531 208
532 209
533 210
534 211
535 213
536 214
537 215
538 216
539 217
540 219
541 220
542 221
543 222
544 222
545 223
546 225
547 227
548 228
549 229
550 231
551 233
552 233
553 234
554 235
555 237
556 239
557 242
558 243
559 244
560 247
561 248
562 250
563 252
564 253
565 256
566 260
567 263
568 265
569 268
570 269
571 271
572 273
573 275
574 277
575 281
576 287
577 289
578 291
579 292
580 293
581 296
582 300
583 303
584 306
585 310
586 315
587 321
588 326
589 337
590 359
591 365
592 436
593 438
594 441
594 455
593 461
592 463
591 504
590 509
589 524
588 530
587 533
586 538
585 544
584 548
583 550
582 552
581 554
580 556
579 557
578 559
577 561
576 565
575 567
574 570
573 571
572 572
571 574
570 575
569 575
568 576
567 577
566 584
565 586
564 588
563 588
562 589
561 590
560 591
559 593
558 594
557 595
556 597
555 597
554 598
553 598
552 599
551 600
550 600
549 600
548 601
547 601
546 602
545 604
544 605
543 605
542 606
541 606
540 608
539 609
538 610
537 611
536 611
535 612
534 612
533 612
532 613
531 614
530 614
529 615
528 615
527 616
526 617
525 618
524 619
523 619
522 620
521 620
520 620
519 621
518 621
517 621
516 621
515 621
514 621
513 622
512 622
511 622
510 621
509 621
508 621
507 621
506 621
505 621
504 621
503 621
502 622
501 622
500 622
499 623
498 623
497 624
496 624
495 624
494 624
493 624
492 625
491 625
490 625
489 626
488 627
487 628
486 629
485 630
484 631
483 631
482 632
481 632
480 632
479 632
478 632
477 632
476 633
475 633
474 633
473 633
472 633
471 633
470 633
469 633
468 633
467 633
466 633
465 633
464 633
463 633
462 633
461 633
460 633
459 633
458 633
457 633
456 633
455 632
454 632
453 632
452 632
451 632
450 631
449 631
448 631
447 631
446 631
445 630
444 630
443 629
442 628
441 627
440 626
439 625
438 624
437 624
436 624
435 623
434 623
433 622
432 621
431 620
430 619
429 617
428 615
427 614
426 614
425 613
424 612
423 610
422 609
421 607
420 602
419 592
418 590
417 585
416 584
415 583
414 582
413 581
412 580
411 579
410 577
409 576
408 576
407 576
406 577
405 578
404 580
403 580
402 581
401 582
400 583
399 584
398 585
397 585
396 586
395 586
394 586
393 586
392 586
391 587
390 587
389 587
388 587
387 587
386 587
385 588
384 588
383 588
382 588
381 587
380 587
379 587
378 587
377 586
376 586
375 586
374 585
373 585
372 584
371 584
370 584
369 584
368 583
367 583
366 582
365 582
364 581
363 581
362 579
361 578
360 577
359 576
358 575
357 574
356 574
355 573
354 572
353 572
352 572
351 571
350 570
349 570
348 569
347 568
346 567
345 569
344 571
343 572
342 573
342 373
342 374
342 375
342 376
342 377
342 378
342 379
342 380
342 381
342 382
342 383
342 384
342 385
342 386
342 387
342 388
342 389
342 390
342 391
342 392
342 393
342 394
342 395
342 396
342 397
342 398
342 399
342 400
342 401
342 402
342 403
342 404
342 405
342 406
342 407
342 408
342 409
342 410
342 411
342 412
342 413
342 414
342 415
342 416
342 417
342 418
342 419
342 420
342 421
342 422
342 423
342 424
342 425
342 426
342 427
342 428
342 429
342 430
342 431
342 432
342 433
342 434
342 435
342 436
342 437
342 438
342 439
342 440
342 441
342 442
342 443
342 444
342 445
342 446
342 447
342 448
342 449
342 450
342 451
342 452
342 453
342 454
342 455
342 456
342 457
342 458
342 459
342 460
342 461
342 462
342 463
342 464
342 465
342 466
342 467
342 468
342 469
342 470
342 471
342 472
342 473
342 474
342 475
342 476
342 477
342 478
342 479
342 480
342 481
342 482
342 483
342 484
342 485
342 486
342 487
342 488
342 489
342 490
342 491
342 492
342 493
342 494
342 495
342 496
342 497
342 498
342 499
342 500
342 501
342 502
342 503
342 504
342 505
342 506
342 507
342 508
342 509
342 510
342 511
342 512
342 513
342 514
342 515
342 516
342 517
342 518
342 519
342 520
342 521
342 522
342 523
342 524
342 525
342 526
342 527
342 528
342 529
342 530
342 531
342 532
342 533
342 534
342 535
342 536
342 537
342 538
342 539
342 540
342 541
342 542
342 543
342 544
342 545
342 546
342 547
342 548
342 549
342 550
342 551
342 552
342 553
342 554
342 555
342 556
342 557
342 558
342 559
342 560
342 561
342 562
342 563
342 564
342 565
342 566
342 567
342 568
342 569
342 570
342 571
342 572
342 573
342 574
341 575
341 575
340 576
340 576
339 577
339 577
338 578
338 578
338 579
337 580
336 580
336 580
335 581
334 581
334 581
333 582
332 582
331 582
330 582
329 582
328 582
328 582
328 583
327 584
327 584
326 585
325 585
325 585
324 586
323 586
323 586
322 587
321 587
320 587
319 587
318 587
317 587
316 587
315 587
314 587
313 587
312 587
311 587
310 587
309 587
308 587
307 587
306 587
305 586
304 586
303 586
302 585
301 585
301 587
300 584
299 584
298 582
297 582
296 581
295 581
294 580
293 579
292 578
291 577
290 576
289 575
288 576
287 576
286 577
285 580
284 583
283 584
282 585
281 586
281 588
281 589
281 590
281 591
281 592
281 593
281 594
281 595
280 596
280 596
280 597
280 598
280 599
279 600
279 600
278 601
278 601
278 602
277 603
277 603
277 604
276 605
276 605
275 606
275 606
275 607
275 608
274 609
274 609
274 610
273 611
273 611
273 612
272 613
272 613
272 614
272 615
271 616
271 616
271 617
270 618
270 618
269 619
269 619
268 620
267 620
267 620
266 621
265 621
265 621
264 622
263 622
263 622
262 623
262 623
261 624
261 624
260 625
260 625
259 626
259 626
258 627
258 627
257 628
257 628
256 629
256 629
255 630
254 630
253 630
252 630
252 630
251 631
250 631
249 631
248 631
247 631
247 631
246 632
245 632
244 632
243 632
242 632
241 632
240 632
240 632
239 633
238 633
237 633
236 633
236 633
235 634
234 634
233 634
232 634
231 634
230 634
229 634
229 633
228 633
227 633
226 633
225 633
224 633
223 633
222 633
222 632
221 632
220 632
219 632
218 632
217 632
217 631
216 631
215 631
214 631
214 630
213 630
212 630
212 629
211 629
211 628
210 628
209 628
209 627
208 627
208 625
208 626
207 625
206 625
205 625
204 625
204 624
203 624
202 624
202 623
201 623
200 623
199 623
199 622
198 622
197 622
196 621
195 621
194 621
193 621
192 621
191 621
190 621
189 621
188 621
187 621
186 622
185 622
184 622
183 622
182 622
181 622
181 621
180 621
179 621
178 621
178 620
177 620
176 620
175 620
175 618
175 619
174 618
174 617
173 617
173 616
172 616
171 616
171 615
170 615
169 615
168 615
168 614
167 614
166 614
166 613
165 613
165 612
164 612
163 612
163 611
162 611
161 611
161 610
160 610
160 609
159 609
159 608
158 608
158 607
157 607
156 607
156 606
155 606
155 605
154 605
154 604
153 604
152 604
152 603
151 602
150 601
149 600
147 599
145 598
144 597
143 596
141 595
140 594
139 592
139 593
138 591
136 589
136 590
135 587
135 588
134 584
134 585
134 586
133 578
133 579
133 580
133 581
133 582
133 583
132 577
130 576
129 575
128 574
127 572
127 573
126 570
126 571
125 568
125 569
124 566
124 567
123 565
122 564
121 562
121 563
120 560
120 561
119 558
119 559
118 556
118 557
117 553
117 554
117 555
116 548
116 549
116 550
116 551
116 552
115 542
115 543
115 544
115 545
115 546
115 547
114 408
114 409
114 410
114 537
114 538
114 539
114 540
114 541
113 406
113 407
113 411
113 412
113 413
113 536
112 404
112 405
112 414
112 415
112 416
112 417
112 531
112 532
112 533
112 534
112 535
111 400
111 401
111 402
111 403
111 418
111 419
111 420
111 421
111 519
111 520
111 521
111 522
111 523
111 524
111 525
111 526
111 527
111 528
111 529
111 530
110 394
110 395
110 396
110 397
110 398
110 399
110 422
110 511
110 512
110 513
110 514
110 515
110 516
110 517
110 518
109 390
109 391
109 392
109 393
109 423
109 424
109 505
109 506
109 507
109 508
109 509
109 510
108 389
108 425
108 478
108 479
108 502
108 503
108 504
107 381
107 382
107 383
107 384
107 385
107 386
107 387
107 388
107 426
107 427
107 428
107 468
107 469
107 470
107 471
107 472
107 473
107 474
107 475
107 476
107 477
107 480
107 481
107 500
107 501
106 373
106 374
106 375
106 376
106 377
106 378
106 379
106 380
106 429
106 430
106 431
106 432
106 433
106 434
106 435
106 436
106 437
106 438
106 460
106 461
106 462
106 463
106 464
106 465
106 466
106 467
106 482
106 483
106 484
106 485
106 486
106 487
106 496
106 497
106 498
106 499
105 439
105 440
105 441
105 442
105 443
105 444
105 445
105 446
105 447
105 448
105 449
105 450
105 451
105 452
105 453
105 454
105 455
105 456
105 457
105 458
105 459
105 488
105 489
105 490
105 491
105 492
105 493
105 494
105 495
