561 44 -41
604 49 -8
515 54 26
607 59 5
660 65 45
597 69 73
609 74 -38
552 79 -20
567 85 -88
722 89 91
628 94 -17
569 99 69
499 104 -47
672 109 56
499 114 2
657 119 -90
546 124 -97
623 129 -3
680 134 109
626 139 -46
590 144 22
415 149 -42
496 155 111
467 161 -93
479 165 -29
487 169 99
606 174 -151
745 180 100
442 185 14
464 189 77
438 195 -96
789 199 -99
414 205 83
746 211 95
644 214 111
429 220 -138
385 224 25
406 230 -138
710 234 -193
806 240 -68
354 246 132
513 249 71
569 255 -230
749 261 -147
819 267 122
704 273 -118
393 279 80
812 285 -54
588 291 -87
590 297 -218
601 303 -82
433 309 232
423 311 -152
568 317 22
407 323 141
827 329 49
349 335 -26
817 336 -58
642 339 25
502 345 -9
813 351 89
703 357 -18
547 363 27
472 369 34
688 370 -131
513 376 153
448 382 104
582 388 30
522 394 36
404 400 178
726 406 -159
512 410 -41
619 414 7
804 419 40
387 425 34
723 431 -25
419 435 141
624 441 179
613 444 8
528 450 10
706 454 -76
698 459 -13
483 464 5
623 469 136
531 474 90
746 480 -95
397 486 41
724 492 35
573 498 -61
731 500 -19
522 506 83
585 509 -56
639 515 48
609 521 58
647 527 33
751 529 -76
616 535 -101
604 536 87
530 542 66
563 544 61
632 549 -50
754 555 109
454 559 -16
453 564 -67
609 570 11
465 574 -33
432 579 43
475 584 47
479 589 -61
521 595 -73
623 596 42
601 600 87
425 604 42
753 609 23
567 614 -45
724 619 11
598 624 -3
535 630 132
590 634 84
615 639 100
697 644 -31
596 649 21
613 654 88
466 659 41
600 664 -18
549 669 47
511 674 54
632 679 -22
631 685 -12
567 689 -15
568 694 58
657 699 13
358 414 -1
409 155 88
427 144 87
436 161 -58
430 230 183
531 679 31
479 498 62
484 357 186
543 664 -3
522 297 72
545 199 -90
564 521 -160
584 659 63
600 369 -5
605 659 -50
638 255 -63
657 382 -153
665 509 109
683 486 0
709 441 -164
699 574 -38
753 351 -174
773 357 -38
792 363 -15
813 323 -71
832 261 0
