106 401 106 434
107 391 107 438
108 384 108 464
109 381 109 467
110 376 110 471
111 366 111 476
112 360 112 478
113 355 113 479
114 353 114 481
115 348 115 482
116 344 116 483
117 340 117 483
118 338 118 484
119 337 119 484
120 335 120 485
121 332 121 487
122 328 122 488
123 326 123 489
124 325 124 490
125 321 125 492
126 319 126 493
127 317 127 494
128 314 128 497
129 313 129 498
130 310 130 500
131 307 131 502
132 305 132 503
133 303 133 504
134 301 134 504
135 300 135 506
136 299 136 507
137 291 137 508
138 288 138 509
139 286 139 510
140 283 140 511
141 279 141 513
142 274 142 513
143 269 143 513
144 267 144 514
145 263 145 515
146 261 146 516
147 260 147 517
148 258 148 518
149 257 149 518
150 255 150 519
151 252 151 519
152 250 152 519
153 247 153 519
154 246 154 520
155 244 155 520
156 242 156 521
157 241 157 521
158 238 158 522
159 235 159 522
160 230 160 522
161 224 161 523
162 222 162 523
163 220 163 523
164 219 164 523
165 218 165 524
166 217 166 524
167 217 167 525
168 216 168 525
169 215 169 526
170 214 170 526
171 212 171 526
172 210 172 527
173 209 173 527
174 209 174 527
175 208 175 527
176 207 176 527
177 207 177 527
178 207 178 527
179 206 179 527
180 205 180 527
181 204 181 527
182 203 182 528
183 203 183 528
184 203 184 529
185 203 185 529
186 202 186 530
187 202 187 531
188 201 188 532
189 201 189 533
190 200 190 534
191 198 191 534
192 198 192 534
193 197 193 535
194 196 194 535
195 195 195 536
196 195 196 536
197 194 197 537
198 194 198 537
199 193 199 537
200 193 200 537
201 192 201 537
202 190 202 538
203 186 203 538
204 185 204 538
205 183 205 539
206 182 206 539
207 181 207 539
208 180 208 539
209 180 209 540
210 179 210 540
211 178 211 540
212 178 212 541
213 177 213 541
214 176 214 542
215 175 215 542
216 173 216 542
217 172 217 543
218 171 218 544
219 171 219 544
220 171 220 544
221 169 221 545
222 169 222 545
223 168 223 546
224 168 224 547
225 166 225 547
226 166 226 547
227 165 227 547
228 164 228 548
229 163 229 548
230 162 230 548
231 161 231 548
232 159 232 549
233 159 233 549
234 158 234 549
235 157 235 549
236 157 236 549
237 156 237 549
238 156 238 549
239 155 239 549
240 155 240 549
241 153 241 549
242 151 242 549
243 150 243 549
244 149 244 549
245 148 245 549
246 147 246 549
247 146 247 549
248 146 248 549
249 145 249 548
250 144 250 548
251 143 251 548
252 143 252 548
253 142 253 548
254 142 254 548
255 141 255 547
256 140 256 547
257 139 257 547
258 139 258 546
259 138 259 545
260 138 260 545
261 138 261 548
262 137 262 550
263 137 263 552
264 137 264 554
265 137 265 555
266 136 266 557
267 136 267 559
268 136 268 560
269 135 269 561
270 134 270 562
271 132 271 563
272 132 272 563
273 132 273 564
274 132 274 564
275 132 275 565
276 132 276 565
277 132 277 565
278 132 278 565
279 132 279 565
280 132 280 566
281 132 281 566
282 132 282 567
283 132 283 567
284 132 284 567
285 132 285 567
286 133 286 567
287 133 287 567
288 133 288 567
289 133 289 567
290 133 290 567
291 133 291 567
292 134 292 567
293 134 293 567
294 134 294 567
295 134 295 567
296 134 296 567
297 134 297 567
298 135 298 567
299 135 299 567
300 135 300 567
301 135 301 567
302 135 302 567
303 135 303 567
304 134 304 567
305 134 305 567
306 133 306 568
307 133 307 568
308 132 308 568
309 132 309 569
310 131 310 570
311 130 311 572
312 129 312 573
313 128 313 574
314 128 314 574
315 127 315 575
316 126 316 576
317 126 317 577
318 126 318 578
319 125 319 578
320 125 320 579
321 124 321 581
322 124 322 582
323 123 323 583
324 123 324 584
325 122 325 585
326 122 326 585
327 121 327 586
328 121 328 587
329 120 329 587
330 119 330 588
331 118 331 589
332 117 332 589
333 117 333 589
334 116 334 590
335 115 335 590
336 114 336 591
337 113 337 592
338 112 338 592
339 112 339 592
340 111 340 592
341 111 341 593
342 111 342 593
343 111 343 593
344 111 344 594
345 111 345 594
346 112 346 594
347 112 347 594
348 112 348 594
349 113 349 595
350 113 350 595
351 113 351 596
352 114 352 597
353 114 353 597
354 115 354 598
355 115 355 598
356 115 356 599
357 115 357 599
358 116 358 599
359 116 359 599
360 117 360 600
361 117 361 600
362 117 362 600
363 117 363 600
364 117 364 601
365 117 365 601
366 117 366 601
367 117 367 601
368 117 368 601
369 116 369 602
370 116 370 602
371 116 371 602
372 116 372 602
373 115 373 602
374 115 374 602
375 114 375 602
376 114 376 603
377 113 377 603
378 113 378 603
379 113 379 603
380 112 380 603
381 112 381 603
382 112 382 603
383 112 383 603
384 112 384 604
385 112 385 604
386 112 386 604
387 112 387 604
388 112 388 604
389 112 389 604
390 112 390 604
391 113 391 604
392 113 392 604
393 113 393 604
394 113 394 604
395 113 395 604
396 113 396 604
397 113 397 604
398 113 398 604
399 113 399 603
400 113 400 603
401 113 401 603
402 113 402 602
403 113 403 602
404 113 404 602
405 113 405 602
406 113 406 602
407 113 407 602
408 113 408 603
409 113 409 603
410 113 410 604
411 114 411 605
412 114 412 607
413 114 413 608
414 114 414 609
415 115 415 609
416 115 416 610
417 115 417 611
418 116 418 611
419 116 419 612
420 117 420 613
421 117 421 613
422 117 422 614
423 118 423 614
424 118 424 615
425 119 425 616
426 119 426 617
427 120 427 618
428 121 428 619
429 121 429 620
430 121 430 620
431 121 431 621
432 122 432 621
433 121 433 622
434 121 434 622
435 121 435 622
436 120 436 623
437 119 437 623
438 119 438 624
439 118 439 624
440 118 440 624
441 117 441 624
442 117 442 624
443 117 443 624
444 116 444 624
445 116 445 624
446 116 446 625
447 116 447 625
448 116 448 625
449 116 449 625
450 115 450 625
451 115 451 625
452 115 452 625
453 116 453 625
454 116 454 625
455 117 455 624
456 117 456 624
457 119 457 624
458 121 458 624
459 122 459 624
460 122 460 624
461 123 461 623
462 125 462 623
463 126 463 622
464 126 464 622
465 127 465 622
466 127 466 622
467 129 467 623
468 131 468 624
469 132 469 624
470 133 470 625
471 133 471 625
472 133 472 626
473 133 473 627
474 133 474 628
475 133 475 629
476 133 476 629
477 132 477 630
478 132 478 630
479 132 479 630
480 132 480 631
481 132 481 631
482 132 482 632
483 132 483 632
484 132 484 632
485 132 485 632
486 132 486 632
487 132 487 632
488 132 488 632
489 132 489 632
490 132 490 632
491 132 491 632
492 132 492 632
493 132 493 632
494 132 494 632
495 133 495 632
496 133 496 632
497 133 497 631
498 134 498 631
499 134 499 631
500 134 500 631
501 133 501 631
502 133 502 631
503 133 503 631
504 133 504 631
505 133 505 630
506 133 506 630
507 133 507 630
508 133 508 630
509 133 509 629
510 133 510 629
511 133 511 629
512 133 512 629
513 133 513 629
514 133 514 629
515 134 515 629
516 134 516 629
517 134 517 629
518 135 518 629
519 135 519 629
520 136 520 630
521 136 521 630
522 136 522 630
523 136 523 630
524 136 524 630
525 137 525 630
526 137 526 631
527 137 527 631
528 138 528 630
529 138 529 630
530 139 530 629
531 139 531 629
532 139 532 629
533 139 533 628
534 139 534 627
535 139 535 627
536 138 536 627
537 138 537 627
538 138 538 627
539 138 539 627
540 138 540 627
541 137 541 627
542 137 542 627
543 136 543 627
544 136 544 627
545 135 545 627
546 134 546 627
547 134 547 627
548 133 548 628
549 133 549 628
550 133 550 628
551 133 551 628
552 132 552 628
553 132 553 628
554 132 554 628
555 132 555 628
556 132 556 628
557 132 557 628
558 132 558 628
559 132 559 627
560 132 560 627
561 132 561 627
562 133 562 626
563 133 563 625
564 133 564 624
565 133 565 624
566 133 566 623
567 134 567 623
568 134 568 623
569 135 569 623
570 136 570 623
571 136 571 622
572 136 572 622
573 137 573 621
574 137 574 620
575 138 575 619
576 138 576 618
577 139 577 618
578 139 578 616
579 140 579 615
580 141 580 614
581 141 581 614
582 141 582 613
583 141 583 612
584 141 584 612
585 142 585 611
586 142 586 610
587 142 587 610
588 142 588 609
589 142 589 607
590 143 590 607
591 143 591 606
592 143 592 606
593 143 593 605
594 144 594 605
595 144 595 605
596 144 596 606
597 145 597 607
598 145 598 607
599 146 599 607
600 146 600 607
601 146 601 608
602 146 602 608
603 146 603 608
604 146 604 607
605 146 605 607
606 145 606 607
607 143 607 607
608 143 608 607
609 142 609 607
610 142 610 607
611 141 611 607
612 141 612 607
613 141 613 606
614 141 614 605
615 142 615 605
616 142 616 605
617 142 617 604
618 142 618 604
619 143 619 604
620 143 620 604
621 143 621 604
622 143 622 604
623 145 623 604
624 146 624 603
625 146 625 603
626 147 626 603
627 148 627 603
628 149 628 603
629 151 629 602
630 151 630 602
631 153 631 602
632 154 632 602
633 154 633 601
634 155 634 601
635 155 635 600
636 156 636 600
637 156 637 600
638 156 638 599
639 157 639 598
640 157 640 597
641 158 641 596
642 159 642 595
643 161 643 592
644 162 644 589
645 162 645 588
646 163 646 587
647 165 647 586
648 166 648 585
649 166 649 584
650 167 650 583
651 167 651 581
652 167 652 576
653 168 653 567
654 168 654 560
655 169 655 558
656 169 656 554
657 170 657 547
658 171 658 540
659 172 659 539
660 172 660 538
661 172 661 538
662 173 662 538
663 173 663 536
664 174 664 534
665 175 665 533
666 176 666 533
667 177 667 533
668 177 668 533
669 177 669 534
670 177 670 534
671 177 671 535
672 177 672 536
673 177 673 537
674 177 674 538
675 177 675 538
676 177 676 538
677 178 677 538
678 178 678 539
679 178 679 538
680 178 680 538
681 179 681 538
682 180 682 538
683 180 683 538
684 181 684 537
685 181 685 537
686 182 686 537
687 183 687 537
688 185 688 536
689 186 689 535
690 186 690 535
691 187 691 534
692 187 692 533
693 188 693 533
694 189 694 532
695 190 695 531
696 191 696 530
697 192 697 530
698 193 698 530
699 195 699 530
700 196 700 530
701 197 701 529
702 199 702 529
703 202 703 529
704 207 704 529
705 207 705 529
706 209 706 529
707 210 707 529
708 211 708 529
709 214 709 529
710 216 710 529
711 219 711 529
712 222 712 529
713 225 713 529
714 226 714 529
715 226 715 529
716 226 716 530
717 227 717 530
718 227 718 530
719 228 719 531
720 228 720 531
721 229 721 531
722 229 722 532
723 230 723 532
724 231 724 532
725 232 725 532
726 232 726 532
727 234 727 532
728 236 728 531
729 238 729 531
730 238 730 531
731 238 731 531
732 238 732 531
733 238 733 530
734 238 734 530
735 239 735 530
736 240 736 530
737 241 737 530
738 242 738 530
739 244 739 529
740 246 740 529
741 247 741 529
742 248 742 529
743 249 743 529
744 250 744 529
745 251 745 529
746 251 746 529
747 252 747 529
748 255 748 529
749 258 749 528
750 260 750 528
751 261 751 528
752 262 752 527
753 263 753 527
754 265 754 526
755 266 755 525
756 267 756 525
757 268 757 524
758 269 758 524
759 270 759 522
760 270 760 522
761 271 761 521
762 272 762 520
763 274 763 520
764 276 764 519
765 278 765 519
766 280 766 518
767 281 767 518
768 283 768 516
769 285 769 515
770 287 770 513
771 290 771 512
772 294 772 510
773 299 773 509
774 304 774 506
775 306 775 505
776 308 776 504
777 311 777 503
778 312 778 502
779 313 779 502
780 315 780 501
781 317 781 500
782 321 782 498
783 322 783 496
784 323 784 492
785 324 785 490
786 325 786 487
787 327 787 475
788 330 788 474
789 333 789 474
790 335 790 474
791 338 791 474
792 339 792 474
793 339 793 473
794 340 794 472
795 341 795 471
796 341 796 470
797 341 797 470
798 344 798 467
799 351 799 466
800 354 800 465
801 370 801 464
802 373 802 461
803 377 803 451
804 377 804 451
805 378 805 427
806 381 806 419
