164 381 164 392
165 379 165 394
166 375 166 396
167 337 167 420
168 334 168 424
169 332 169 425
170 331 170 453
171 328 171 455
172 323 172 457
173 319 173 458
174 316 174 459
175 315 175 459
176 311 176 495
177 309 177 499
178 308 178 503
179 307 179 506
180 306 180 508
181 302 181 517
182 296 182 526
183 288 183 530
184 287 184 532
185 286 185 533
186 284 186 538
187 283 187 543
188 282 188 546
189 281 189 548
190 281 190 549
191 279 191 551
192 278 192 553
193 276 193 554
194 274 194 554
195 272 195 555
196 271 196 557
197 270 197 558
198 268 198 559
199 267 199 585
200 267 200 587
201 265 201 592
202 263 202 594
203 262 203 611
204 262 204 613
205 261 205 614
206 260 206 622
207 250 207 625
208 248 208 628
209 247 209 628
210 246 210 629
211 241 211 630
212 239 212 631
213 236 213 632
214 235 214 635
215 234 215 637
216 232 216 642
217 231 217 644
218 229 218 646
219 228 219 647
220 227 220 648
221 226 221 649
222 225 222 649
223 222 223 650
224 221 224 651
225 221 225 652
226 220 226 653
227 219 227 655
228 218 228 657
229 217 229 658
230 216 230 659
231 215 231 662
232 214 232 668
233 213 233 678
234 211 234 681
235 210 235 683
236 208 236 685
237 206 237 687
238 205 238 690
239 205 239 692
240 203 240 693
241 202 241 694
242 200 242 694
243 200 243 695
244 199 244 696
245 198 245 697
246 196 246 697
247 194 247 698
248 192 248 698
249 191 249 699
250 190 250 699
251 189 251 700
252 188 252 701
253 187 253 701
254 186 254 702
255 185 255 702
256 183 256 703
257 182 257 703
258 182 258 703
259 181 259 704
260 180 260 704
261 179 261 705
262 178 262 709
263 177 263 712
264 176 264 714
265 175 265 715
266 173 266 717
267 171 267 718
268 170 268 719
269 169 269 721
270 168 270 723
271 167 271 725
272 166 272 727
273 165 273 728
274 165 274 729
275 163 275 731
276 162 276 732
277 162 277 733
278 161 278 733
279 161 279 734
280 160 280 735
281 160 281 737
282 160 282 738
283 159 283 739
284 158 284 741
285 157 285 742
286 155 286 744
287 155 287 746
288 154 288 747
289 153 289 748
290 153 290 748
291 153 291 750
292 152 292 751
293 152 293 752
294 152 294 752
295 152 295 753
296 152 296 753
297 152 297 754
298 152 298 754
299 152 299 754
300 151 300 754
301 150 301 754
302 150 302 754
303 150 303 754
304 149 304 754
305 149 305 754
306 148 306 754
307 148 307 754
308 148 308 754
309 148 309 754
310 147 310 754
311 147 311 755
312 147 312 756
313 147 313 757
314 147 314 758
315 147 315 758
316 147 316 760
317 147 317 762
318 147 318 763
319 146 319 763
320 146 320 764
321 146 321 765
322 146 322 767
323 146 323 768
324 146 324 771
325 146 325 773
326 146 326 773
327 145 327 774
328 145 328 774
329 145 329 774
330 143 330 774
331 142 331 774
332 141 332 774
333 141 333 775
334 140 334 776
335 140 335 776
336 139 336 776
337 138 337 776
338 138 338 776
339 137 339 777
340 137 340 777
341 136 341 777
342 135 342 777
343 135 343 777
344 135 344 778
345 134 345 780
346 133 346 782
347 133 347 783
348 132 348 784
349 132 349 784
350 131 350 784
351 131 351 784
352 130 352 784
353 130 353 785
354 130 354 785
355 130 355 786
356 129 356 786
357 128 357 786
358 128 358 786
359 128 359 786
360 127 360 786
361 127 361 786
362 127 362 786
363 127 363 786
364 126 364 786
365 126 365 786
366 126 366 786
367 126 367 786
368 126 368 786
369 126 369 786
370 126 370 786
371 126 371 786
372 126 372 786
373 126 373 786
374 125 374 786
375 125 375 786
376 125 376 786
377 125 377 786
378 125 378 785
379 126 379 785
380 126 380 785
381 126 381 784
382 126 382 784
383 126 383 784
384 126 384 784
385 126 385 783
386 126 386 783
387 126 387 783
388 127 388 783
389 127 389 783
390 128 390 783
391 128 391 783
392 129 392 783
393 129 393 783
394 129 394 783
395 130 395 783
396 130 396 781
397 130 397 781
398 131 398 780
399 132 399 780
400 132 400 779
401 133 401 779
402 134 402 779
403 135 403 778
404 137 404 777
405 137 405 776
406 138 406 776
407 140 407 775
408 140 408 775
409 142 409 774
410 144 410 774
411 145 411 773
412 148 412 771
413 150 413 762
414 151 414 762
415 150 415 763
416 149 416 765
417 148 417 766
418 148 418 767
419 147 419 768
420 147 420 770
421 146 421 771
422 146 422 772
423 144 423 773
424 142 424 774
425 141 425 775
426 138 426 777
427 136 427 778
428 135 428 778
429 134 429 778
430 133 430 779
431 132 431 779
432 132 432 779
433 131 433 780
434 131 434 780
435 131 435 781
436 130 436 781
437 130 437 781
438 130 438 781
439 129 439 783
440 128 440 783
441 128 441 783
442 128 442 783
443 127 443 783
444 127 444 783
445 127 445 784
446 127 446 784
447 126 447 784
448 126 448 784
449 126 449 784
450 126 450 784
451 125 451 784
452 125 452 784
453 125 453 785
454 125 454 785
455 125 455 786
456 125 456 786
457 125 457 786
458 125 458 786
459 125 459 786
460 125 460 786
461 125 461 786
462 126 462 786
463 126 463 786
464 126 464 786
465 126 465 786
466 126 466 786
467 126 467 786
468 127 468 786
469 127 469 786
470 127 470 786
471 127 471 786
472 127 472 786
473 128 473 786
474 128 474 786
475 129 475 786
476 129 476 785
477 130 477 785
478 130 478 785
479 131 479 785
480 131 480 784
481 131 481 784
482 132 482 784
483 132 483 784
484 132 484 784
485 133 485 783
486 133 486 783
487 134 487 781
488 135 488 778
489 135 489 777
490 136 490 777
491 136 491 777
492 137 492 777
493 137 493 776
494 138 494 776
495 138 495 776
496 139 496 776
497 140 497 775
498 141 498 775
499 141 499 775
500 142 500 774
501 142 501 774
502 143 502 774
503 144 503 774
504 145 504 774
505 145 505 773
506 145 506 772
507 146 507 768
508 146 508 768
509 146 509 767
510 146 510 767
511 147 511 766
512 147 512 764
513 147 513 764
514 147 514 761
515 148 515 759
516 148 516 758
517 147 517 757
518 147 518 757
519 147 519 756
520 147 520 756
521 147 521 756
522 147 522 755
523 147 523 755
524 148 524 755
525 148 525 754
526 148 526 755
527 149 527 755
528 150 528 755
529 150 529 754
530 151 530 754
531 151 531 754
532 152 532 754
533 152 533 754
534 152 534 754
535 152 535 753
536 152 536 753
537 152 537 753
538 152 538 752
539 153 539 752
540 153 540 751
541 153 541 750
542 154 542 749
543 154 543 747
544 154 544 746
545 155 545 745
546 156 546 744
547 156 547 744
548 156 548 742
549 158 549 740
550 159 550 738
551 160 551 736
552 160 552 735
553 161 553 734
554 162 554 733
555 163 555 732
556 163 556 731
557 164 557 730
558 165 558 730
559 165 559 728
560 166 560 727
561 167 561 726
562 169 562 724
563 171 563 722
564 172 564 720
565 173 565 719
566 174 566 717
567 175 567 713
568 175 568 708
569 177 569 707
570 178 570 705
571 180 571 704
572 180 572 704
573 181 573 704
574 182 574 703
575 183 575 703
576 184 576 702
577 185 577 702
578 185 578 701
579 186 579 701
580 188 580 700
581 189 581 700
582 191 582 699
583 193 583 699
584 195 584 698
585 195 585 698
586 196 586 697
587 197 587 697
588 199 588 696
589 200 589 694
590 201 590 694
591 201 591 693
592 202 592 692
593 204 593 692
594 206 594 690
595 207 595 689
596 209 596 687
597 210 597 683
598 211 598 674
599 214 599 669
600 215 600 667
601 215 601 664
602 216 602 663
603 217 603 659
604 219 604 654
605 220 605 654
606 221 606 653
607 221 607 652
608 223 608 652
609 224 609 651
610 225 610 649
611 226 611 649
612 227 612 648
613 228 613 645
614 229 614 644
615 230 615 643
616 232 616 642
617 234 617 640
618 237 618 638
619 239 619 634
620 240 620 632
621 241 621 630
622 243 622 628
623 246 623 626
624 254 624 624
625 257 625 623
626 259 626 622
627 260 627 621
628 262 628 616
629 263 629 592
630 265 630 591
631 265 631 589
632 266 632 587
633 267 633 584
634 270 634 559
635 272 635 558
636 272 636 558
637 273 637 556
638 274 638 554
639 275 639 552
640 277 640 550
641 278 641 549
642 280 642 548
643 282 643 547
644 283 644 544
645 285 645 543
646 286 646 542
647 287 647 539
648 289 648 535
649 290 649 529
650 293 650 525
651 299 651 520
652 302 652 506
653 305 653 504
654 310 654 503
655 312 655 501
656 315 656 498
657 318 657 494
658 321 658 459
659 325 659 457
660 326 660 455
661 327 661 453
662 330 662 425
663 332 663 423
664 334 664 421
665 335 665 415
666 337 666 393
